200
0 -10 41
0 4
0 11
0 21
0 27
0 35
0 36
0 37
0 40
0 42
0 44
0 47
0 53
0 59
0 62
0 64
0 67
0 68
0 69
0 73
0 78
0 81
0 88
0 91
0 92
0 94
0 95
0 99
0 100
0 102
0 103
0 105
0 106
0 111
0 112
0 116
0 118
0 122
0 123
0 124
0 126
0 129
0 133
0 134
0 138
0 141
0 142
0 145
0 147
0 153
0 157
0 158
0 161
0 162
0 169
0 171
0 178
0 182
0 190
0 191
0 195
1 -10 48
1 5
1 6
1 7
1 9
1 10
1 13
1 21
1 22
1 23
1 24
1 26
1 29
1 30
1 31
1 33
1 36
1 39
1 40
1 52
1 55
1 57
1 58
1 70
1 72
1 73
1 82
1 83
1 84
1 87
1 90
1 97
1 100
1 101
1 104
1 106
1 107
1 108
1 109
1 112
1 115
1 118
1 123
1 124
1 129
1 130
1 131
1 137
1 138
1 141
1 144
1 145
1 146
1 148
1 150
1 153
1 154
1 155
1 156
1 158
1 159
1 161
1 162
1 166
1 167
1 168
1 170
1 173
1 174
1 176
1 177
1 183
1 186
1 188
1 191
1 193
1 195
2 -10 41
2 0
2 7
2 8
2 9
2 13
2 16
2 17
2 18
2 20
2 21
2 24
2 36
2 44
2 48
2 49
2 51
2 53
2 67
2 68
2 81
2 83
2 84
2 85
2 91
2 93
2 100
2 102
2 103
2 109
2 110
2 114
2 119
2 123
2 127
2 128
2 134
2 135
2 138
2 143
2 148
2 150
2 156
2 174
2 188
2 189
2 195
2 196
2 198
2 199
3 -10 87
3 0
3 1
3 2
3 9
3 15
3 16
3 18
3 21
3 22
3 23
3 33
3 34
3 38
3 44
3 46
3 48
3 51
3 55
3 57
3 58
3 61
3 69
3 72
3 75
3 76
3 81
3 86
3 88
3 92
3 99
3 103
3 110
3 111
3 112
3 122
3 128
3 138
3 142
3 156
3 157
3 158
3 162
3 179
3 180
3 189
3 190
3 191
3 196
3 198
4 -10 85
4 8
4 16
4 17
4 22
4 23
4 24
4 25
4 26
4 32
4 34
4 37
4 39
4 41
4 44
4 46
4 50
4 53
4 55
4 59
4 60
4 63
4 66
4 71
4 79
4 81
4 82
4 85
4 86
4 87
4 88
4 92
4 97
4 101
4 105
4 112
4 113
4 114
4 116
4 118
4 121
4 129
4 132
4 134
4 135
4 139
4 144
4 145
4 149
4 153
4 154
4 155
4 156
4 157
4 158
4 161
4 168
4 169
4 173
4 176
4 182
4 185
4 186
4 189
4 193
4 195
4 196
5 -10 10
5 0
5 2
5 3
5 13
5 14
5 18
5 19
5 22
5 23
5 24
5 25
5 27
5 31
5 32
5 33
5 35
5 49
5 51
5 58
5 61
5 64
5 66
5 67
5 68
5 70
5 74
5 77
5 78
5 80
5 84
5 85
5 86
5 87
5 92
5 94
5 95
5 96
5 97
5 99
5 100
5 102
5 105
5 111
5 113
5 114
5 118
5 119
5 124
5 125
5 127
5 134
5 140
5 142
5 143
5 150
5 152
5 158
5 159
5 160
5 163
5 168
5 170
5 171
5 172
5 173
5 174
5 176
5 177
5 181
5 185
5 186
5 187
5 191
5 192
5 193
6 -10 60
6 0
6 1
6 2
6 5
6 7
6 10
6 11
6 23
6 25
6 27
6 28
6 29
6 30
6 39
6 43
6 50
6 51
6 58
6 60
6 61
6 62
6 64
6 74
6 77
6 82
6 86
6 87
6 100
6 102
6 103
6 108
6 109
6 113
6 115
6 116
6 120
6 123
6 124
6 125
6 126
6 128
6 137
6 140
6 147
6 153
6 157
6 158
6 160
6 162
6 163
6 164
6 165
6 170
6 171
6 176
6 177
6 178
6 184
6 188
6 190
6 193
6 195
6 196
7 -10 11
7 16
7 17
7 22
7 23
7 26
7 29
7 35
7 41
7 48
7 53
7 54
7 55
7 57
7 67
7 69
7 71
7 72
7 75
7 83
7 85
7 96
7 111
7 112
7 117
7 126
7 129
7 132
7 134
7 137
7 138
7 142
7 150
7 154
7 156
7 157
7 159
7 161
7 162
7 163
7 165
7 169
7 172
7 184
7 185
8 -10 41
8 5
8 10
8 11
8 13
8 17
8 18
8 21
8 24
8 25
8 26
8 29
8 31
8 37
8 40
8 41
8 43
8 44
8 50
8 51
8 55
8 58
8 59
8 62
8 64
8 70
8 72
8 73
8 75
8 77
8 78
8 79
8 81
8 85
8 88
8 90
8 92
8 95
8 96
8 97
8 100
8 101
8 103
8 105
8 112
8 113
8 114
8 132
8 134
8 135
8 140
8 142
8 145
8 148
8 152
8 153
8 156
8 159
8 162
8 169
8 175
8 176
8 181
8 183
8 189
8 190
8 192
8 193
8 198
9 -10 97
9 0
9 1
9 4
9 5
9 10
9 13
9 15
9 18
9 19
9 21
9 22
9 23
9 24
9 27
9 28
9 32
9 37
9 40
9 45
9 47
9 48
9 62
9 63
9 64
9 65
9 67
9 70
9 72
9 75
9 77
9 78
9 83
9 84
9 87
9 88
9 89
9 98
9 101
9 103
9 104
9 106
9 108
9 112
9 113
9 118
9 119
9 123
9 127
9 129
9 132
9 139
9 140
9 141
9 142
9 143
9 144
9 145
9 146
9 147
9 150
9 152
9 156
9 159
9 161
9 163
9 164
9 165
9 169
9 170
9 171
9 174
9 175
9 184
9 185
9 186
9 191
9 192
10 -10 9
10 1
10 4
10 6
10 8
10 11
10 12
10 20
10 21
10 24
10 25
10 26
10 29
10 30
10 35
10 38
10 43
10 49
10 53
10 57
10 60
10 67
10 72
10 75
10 81
10 88
10 90
10 93
10 96
10 105
10 113
10 115
10 118
10 123
10 126
10 136
10 142
10 144
10 146
10 148
10 149
10 154
10 155
10 158
10 159
10 164
10 165
10 166
10 173
10 175
10 183
10 184
10 185
10 188
10 196
11 -10 36
11 0
11 2
11 3
11 8
11 10
11 13
11 14
11 15
11 16
11 19
11 20
11 25
11 28
11 30
11 31
11 33
11 34
11 37
11 38
11 41
11 43
11 50
11 52
11 53
11 54
11 56
11 58
11 59
11 61
11 62
11 64
11 74
11 76
11 78
11 80
11 82
11 85
11 89
11 90
11 93
11 98
11 102
11 103
11 104
11 108
11 109
11 113
11 117
11 118
11 122
11 123
11 124
11 131
11 136
11 138
11 141
11 145
11 148
11 153
11 155
11 159
11 161
11 169
11 171
11 181
11 186
11 189
11 192
11 194
12 -10 93
12 0
12 8
12 15
12 25
12 28
12 29
12 39
12 49
12 50
12 58
12 64
12 67
12 69
12 71
12 73
12 76
12 79
12 80
12 82
12 84
12 85
12 86
12 88
12 89
12 93
12 95
12 98
12 100
12 109
12 110
12 113
12 115
12 116
12 117
12 123
12 130
12 132
12 133
12 137
12 141
12 151
12 153
12 154
12 155
12 156
12 163
12 168
12 171
12 174
12 177
12 178
12 180
12 184
12 188
12 190
12 198
13 -10 67
13 2
13 5
13 6
13 9
13 12
13 15
13 16
13 21
13 22
13 23
13 26
13 30
13 33
13 37
13 38
13 39
13 48
13 52
13 54
13 59
13 62
13 64
13 66
13 68
13 69
13 73
13 79
13 81
13 84
13 86
13 87
13 90
13 91
13 93
13 98
13 102
13 104
13 107
13 108
13 109
13 112
13 114
13 116
13 118
13 121
13 122
13 124
13 125
13 126
13 131
13 136
13 140
13 141
13 145
13 146
13 152
13 156
13 158
13 162
13 164
13 192
13 195
13 196
14 -10 47
14 0
14 2
14 7
14 15
14 16
14 18
14 28
14 29
14 30
14 34
14 38
14 48
14 49
14 51
14 55
14 58
14 63
14 64
14 75
14 78
14 82
14 92
14 97
14 98
14 105
14 114
14 115
14 120
14 121
14 125
14 128
14 136
14 140
14 146
14 147
14 152
14 154
14 157
14 160
14 161
14 162
14 167
14 169
14 170
14 175
14 188
14 192
14 197
14 198
14 199
15 -10 61
15 4
15 5
15 8
15 9
15 11
15 16
15 19
15 22
15 23
15 26
15 31
15 36
15 40
15 49
15 50
15 52
15 64
15 68
15 69
15 74
15 76
15 78
15 81
15 85
15 89
15 93
15 95
15 100
15 105
15 109
15 110
15 114
15 123
15 125
15 130
15 133
15 135
15 136
15 137
15 141
15 143
15 149
15 150
15 152
15 158
15 161
15 164
15 165
15 166
15 168
15 170
15 172
15 173
15 174
15 179
15 185
15 189
15 191
15 193
15 194
15 196
16 -10 10
16 4
16 5
16 6
16 8
16 12
16 15
16 21
16 23
16 28
16 34
16 39
16 47
16 55
16 60
16 72
16 74
16 81
16 86
16 92
16 95
16 100
16 102
16 108
16 112
16 119
16 122
16 132
16 143
16 145
16 147
16 150
16 154
16 156
16 158
16 159
16 162
16 164
16 166
16 167
16 172
16 174
16 177
16 182
16 187
16 189
16 191
16 194
16 195
17 -10 83
17 8
17 12
17 18
17 20
17 23
17 26
17 27
17 28
17 30
17 34
17 37
17 38
17 42
17 43
17 50
17 54
17 56
17 65
17 67
17 68
17 69
17 71
17 72
17 77
17 81
17 86
17 90
17 97
17 101
17 102
17 103
17 108
17 111
17 113
17 123
17 124
17 125
17 127
17 128
17 131
17 134
17 145
17 148
17 149
17 164
17 169
17 170
17 172
17 176
17 177
17 181
17 182
17 183
17 185
17 190
17 191
17 192
17 193
17 196
18 -10 79
18 0
18 7
18 8
18 10
18 12
18 13
18 14
18 15
18 32
18 33
18 34
18 35
18 37
18 40
18 41
18 42
18 43
18 44
18 47
18 48
18 49
18 51
18 52
18 54
18 57
18 58
18 60
18 61
18 63
18 64
18 65
18 67
18 70
18 72
18 74
18 75
18 78
18 81
18 86
18 87
18 89
18 91
18 92
18 97
18 100
18 103
18 110
18 118
18 119
18 123
18 126
18 127
18 128
18 130
18 131
18 135
18 138
18 140
18 142
18 144
18 150
18 152
18 156
18 160
18 165
18 166
18 169
18 178
18 180
18 182
18 183
18 186
18 189
18 190
18 194
18 198
18 199
19 -10 87
19 5
19 6
19 7
19 8
19 10
19 11
19 13
19 15
19 18
19 20
19 21
19 26
19 32
19 34
19 40
19 41
19 49
19 52
19 56
19 58
19 60
19 62
19 70
19 72
19 73
19 74
19 76
19 77
19 78
19 80
19 81
19 82
19 83
19 89
19 90
19 92
19 95
19 96
19 97
19 103
19 104
19 105
19 116
19 117
19 122
19 123
19 124
19 125
19 129
19 132
19 136
19 138
19 140
19 141
19 149
19 150
19 154
19 158
19 159
19 160
19 161
19 163
19 167
19 170
19 171
19 177
19 178
19 179
19 180
19 182
19 184
19 185
19 187
19 190
19 191
19 192
19 193
19 195
19 196
19 198
19 199
20 -10 78
20 7
20 8
20 10
20 11
20 14
20 15
20 26
20 29
20 31
20 32
20 36
20 40
20 41
20 43
20 45
20 46
20 51
20 52
20 55
20 57
20 61
20 65
20 69
20 74
20 78
20 82
20 87
20 89
20 91
20 93
20 96
20 97
20 99
20 112
20 113
20 114
20 116
20 117
20 122
20 129
20 133
20 140
20 144
20 146
20 147
20 148
20 149
20 150
20 151
20 153
20 155
20 162
20 165
20 167
20 168
20 170
20 172
20 173
20 175
20 177
20 178
20 180
20 183
20 184
20 186
20 187
20 191
20 194
21 -10 5
21 1
21 8
21 14
21 22
21 28
21 31
21 32
21 35
21 43
21 45
21 46
21 47
21 50
21 53
21 55
21 59
21 60
21 61
21 65
21 66
21 73
21 74
21 76
21 78
21 80
21 81
21 82
21 86
21 87
21 88
21 96
21 99
21 103
21 106
21 110
21 112
21 116
21 118
21 121
21 122
21 124
21 126
21 129
21 135
21 138
21 147
21 148
21 150
21 151
21 152
21 153
21 159
21 161
21 163
21 172
21 173
21 174
21 176
21 177
21 181
21 189
21 197
21 198
21 199
22 -10 90
22 0
22 4
22 5
22 6
22 13
22 15
22 17
22 20
22 26
22 27
22 31
22 32
22 44
22 58
22 67
22 68
22 71
22 74
22 77
22 84
22 85
22 86
22 93
22 94
22 97
22 106
22 107
22 109
22 110
22 111
22 118
22 120
22 128
22 129
22 131
22 137
22 148
22 152
22 160
22 165
22 166
22 168
22 169
22 171
22 172
22 178
22 180
22 184
22 185
22 186
22 187
22 188
22 189
22 190
22 196
22 199
23 -10 42
23 0
23 2
23 8
23 11
23 16
23 17
23 21
23 32
23 35
23 36
23 38
23 40
23 47
23 51
23 53
23 55
23 56
23 58
23 59
23 63
23 65
23 68
23 71
23 72
23 74
23 76
23 79
23 80
23 82
23 84
23 85
23 89
23 93
23 95
23 97
23 101
23 104
23 105
23 106
23 108
23 113
23 120
23 125
23 131
23 133
23 135
23 136
23 140
23 143
23 146
23 153
23 155
23 156
23 159
23 161
23 162
23 164
23 165
23 168
23 173
23 175
23 176
23 179
23 181
23 184
23 187
23 188
23 193
23 197
24 -10 7
24 9
24 12
24 14
24 18
24 20
24 21
24 25
24 29
24 33
24 40
24 42
24 43
24 44
24 48
24 50
24 52
24 53
24 55
24 61
24 63
24 64
24 66
24 70
24 81
24 83
24 90
24 95
24 103
24 105
24 112
24 114
24 115
24 117
24 118
24 122
24 135
24 136
24 141
24 142
24 153
24 159
24 162
24 168
24 169
24 179
24 187
24 188
24 191
24 196
24 199
25 -10 5
25 1
25 4
25 6
25 7
25 8
25 10
25 12
25 15
25 18
25 21
25 22
25 23
25 27
25 28
25 33
25 38
25 44
25 45
25 54
25 55
25 57
25 62
25 64
25 69
25 70
25 71
25 76
25 78
25 79
25 82
25 87
25 88
25 90
25 92
25 95
25 101
25 105
25 107
25 110
25 121
25 123
25 124
25 126
25 130
25 133
25 134
25 135
25 138
25 139
25 140
25 141
25 144
25 145
25 151
25 154
25 155
25 162
25 163
25 165
25 167
25 171
25 172
25 178
25 179
25 181
25 183
25 188
25 189
25 190
25 193
25 194
25 196
25 197
25 198
26 -10 94
26 5
26 6
26 9
26 16
26 24
26 28
26 30
26 32
26 36
26 39
26 41
26 45
26 46
26 53
26 55
26 56
26 60
26 63
26 67
26 72
26 74
26 75
26 76
26 79
26 81
26 83
26 84
26 89
26 90
26 91
26 93
26 95
26 97
26 101
26 103
26 107
26 108
26 118
26 119
26 120
26 125
26 129
26 134
26 135
26 136
26 137
26 138
26 141
26 150
26 151
26 156
26 161
26 163
26 172
26 174
26 176
26 177
26 179
26 180
26 182
26 184
26 187
26 189
26 190
26 191
26 193
26 195
27 -10 39
27 0
27 3
27 10
27 11
27 13
27 16
27 17
27 21
27 23
27 25
27 26
27 28
27 34
27 36
27 37
27 38
27 39
27 43
27 45
27 48
27 51
27 58
27 60
27 63
27 67
27 74
27 77
27 83
27 87
27 90
27 91
27 99
27 102
27 105
27 107
27 115
27 122
27 126
27 135
27 141
27 142
27 143
27 146
27 147
27 149
27 160
27 162
27 166
27 170
27 178
27 181
27 182
27 188
27 189
27 193
27 195
27 198
27 199
28 -10 67
28 2
28 3
28 5
28 8
28 11
28 19
28 22
28 33
28 41
28 42
28 44
28 47
28 50
28 57
28 58
28 71
28 72
28 78
28 79
28 83
28 90
28 93
28 95
28 100
28 102
28 103
28 115
28 119
28 122
28 131
28 133
28 135
28 138
28 142
28 150
28 152
28 154
28 156
28 161
28 162
28 168
28 169
28 175
28 183
28 185
28 188
28 190
28 191
28 194
29 -10 99
29 15
29 16
29 19
29 20
29 22
29 34
29 35
29 40
29 41
29 42
29 43
29 44
29 47
29 49
29 50
29 51
29 53
29 57
29 61
29 62
29 65
29 67
29 69
29 70
29 73
29 74
29 76
29 77
29 79
29 83
29 86
29 88
29 92
29 98
29 102
29 103
29 104
29 110
29 111
29 113
29 117
29 118
29 122
29 129
29 130
29 131
29 132
29 141
29 145
29 147
29 148
29 149
29 152
29 154
29 157
29 163
29 164
29 170
29 173
29 178
29 179
29 180
29 185
29 189
29 198
30 -10 81
30 1
30 3
30 7
30 9
30 10
30 23
30 28
30 31
30 33
30 36
30 37
30 40
30 43
30 45
30 50
30 51
30 59
30 61
30 62
30 64
30 71
30 74
30 81
30 83
30 90
30 93
30 95
30 97
30 103
30 107
30 117
30 130
30 151
30 152
30 165
30 166
30 172
30 177
30 182
30 186
30 189
30 193
30 197
31 -10 58
31 1
31 5
31 11
31 14
31 22
31 27
31 28
31 33
31 34
31 36
31 47
31 48
31 49
31 55
31 59
31 61
31 65
31 68
31 69
31 70
31 71
31 73
31 75
31 76
31 79
31 81
31 87
31 90
31 93
31 94
31 98
31 100
31 103
31 104
31 117
31 118
31 126
31 130
31 131
31 133
31 135
31 137
31 138
31 140
31 146
31 148
31 149
31 152
31 155
31 158
31 159
31 160
31 161
31 167
31 171
31 175
31 179
31 181
31 187
31 189
31 192
31 193
31 196
31 198
31 199
32 -10 99
32 4
32 9
32 11
32 12
32 14
32 16
32 18
32 23
32 24
32 26
32 27
32 28
32 34
32 40
32 41
32 43
32 46
32 47
32 48
32 50
32 51
32 58
32 61
32 62
32 66
32 67
32 69
32 72
32 74
32 76
32 77
32 83
32 84
32 85
32 86
32 89
32 90
32 102
32 103
32 104
32 106
32 108
32 109
32 128
32 130
32 131
32 143
32 153
32 154
32 155
32 158
32 164
32 165
32 167
32 170
32 175
32 181
32 185
32 186
32 187
32 189
32 190
32 192
32 193
32 195
32 199
33 -10 78
33 1
33 2
33 3
33 8
33 21
33 25
33 26
33 29
33 31
33 37
33 38
33 39
33 45
33 47
33 48
33 51
33 55
33 58
33 60
33 62
33 63
33 65
33 71
33 72
33 75
33 77
33 78
33 80
33 82
33 92
33 97
33 100
33 103
33 105
33 110
33 112
33 115
33 117
33 118
33 120
33 121
33 124
33 125
33 127
33 134
33 135
33 136
33 137
33 138
33 139
33 142
33 145
33 146
33 156
33 161
33 162
33 169
33 173
33 174
33 175
33 178
33 181
33 182
33 190
33 194
33 198
33 199
34 -10 95
34 0
34 7
34 12
34 15
34 16
34 18
34 21
34 23
34 24
34 27
34 29
34 38
34 41
34 43
34 48
34 52
34 54
34 57
34 58
34 59
34 62
34 64
34 68
34 69
34 72
34 74
34 77
34 78
34 84
34 85
34 86
34 91
34 93
34 100
34 102
34 104
34 105
34 107
34 108
34 109
34 115
34 119
34 123
34 124
34 127
34 129
34 133
34 134
34 136
34 137
34 142
34 144
34 157
34 159
34 165
34 166
34 167
34 170
34 176
34 184
34 190
34 193
34 197
34 198
35 -10 0
35 2
35 4
35 7
35 8
35 11
35 12
35 13
35 14
35 15
35 20
35 27
35 32
35 33
35 39
35 41
35 42
35 51
35 55
35 56
35 60
35 63
35 72
35 74
35 78
35 86
35 89
35 90
35 93
35 101
35 104
35 107
35 108
35 109
35 113
35 118
35 121
35 124
35 133
35 134
35 138
35 139
35 142
35 143
35 146
35 151
35 154
35 156
35 158
35 159
35 161
35 170
35 178
35 184
35 185
35 187
35 188
35 190
35 191
35 198
36 -10 2
36 7
36 9
36 16
36 29
36 31
36 32
36 33
36 38
36 40
36 42
36 45
36 51
36 52
36 53
36 54
36 59
36 62
36 66
36 67
36 69
36 70
36 71
36 72
36 75
36 83
36 87
36 89
36 91
36 92
36 94
36 98
36 103
36 105
36 107
36 114
36 117
36 119
36 120
36 122
36 123
36 128
36 129
36 132
36 138
36 139
36 143
36 147
36 153
36 154
36 156
36 160
36 161
36 166
36 170
36 171
36 173
36 176
36 183
36 186
36 188
36 192
37 -10 22
37 0
37 2
37 7
37 11
37 12
37 16
37 20
37 26
37 28
37 30
37 32
37 34
37 41
37 43
37 53
37 60
37 61
37 63
37 64
37 66
37 67
37 72
37 74
37 76
37 77
37 81
37 83
37 87
37 88
37 91
37 92
37 93
37 98
37 100
37 103
37 104
37 108
37 109
37 110
37 114
37 117
37 118
37 123
37 130
37 134
37 136
37 143
37 144
37 146
37 147
37 151
37 154
37 157
37 161
37 163
37 164
37 167
37 169
37 171
37 173
37 175
37 176
37 179
37 181
37 185
37 189
37 191
37 192
37 193
37 195
38 -10 77
38 4
38 5
38 6
38 8
38 9
38 10
38 21
38 28
38 29
38 30
38 31
38 33
38 41
38 43
38 47
38 49
38 53
38 54
38 57
38 58
38 59
38 60
38 61
38 66
38 69
38 70
38 71
38 72
38 75
38 78
38 79
38 85
38 87
38 88
38 89
38 93
38 94
38 97
38 100
38 106
38 109
38 111
38 112
38 115
38 116
38 117
38 118
38 119
38 120
38 127
38 129
38 130
38 133
38 134
38 135
38 137
38 138
38 140
38 144
38 146
38 151
38 157
38 159
38 160
38 162
38 164
38 166
38 171
38 174
38 177
38 179
38 180
38 182
38 183
38 186
38 188
38 190
38 192
38 193
38 195
38 196
38 198
39 -10 97
39 3
39 7
39 9
39 11
39 13
39 14
39 17
39 24
39 28
39 33
39 35
39 37
39 40
39 48
39 62
39 64
39 92
39 93
39 95
39 96
39 105
39 109
39 110
39 111
39 113
39 120
39 127
39 130
39 140
39 144
39 146
39 154
39 162
39 168
39 169
39 177
39 181
39 182
39 186
39 189
39 193
39 194
39 195
40 -10 42
40 0
40 11
40 23
40 29
40 30
40 31
40 34
40 43
40 48
40 50
40 52
40 53
40 62
40 64
40 70
40 71
40 76
40 80
40 93
40 95
40 112
40 121
40 122
40 127
40 128
40 131
40 134
40 135
40 137
40 139
40 154
40 155
40 156
40 157
40 158
40 165
40 170
40 175
40 185
40 186
40 187
40 196
41 -10 82
41 1
41 2
41 4
41 10
41 11
41 13
41 23
41 26
41 28
41 37
41 43
41 44
41 48
41 50
41 54
41 59
41 65
41 66
41 72
41 75
41 79
41 88
41 92
41 93
41 95
41 99
41 108
41 115
41 118
41 123
41 129
41 131
41 132
41 138
41 148
41 153
41 163
41 169
41 177
41 179
41 180
41 181
41 193
41 195
41 197
42 -10 56
42 3
42 5
42 11
42 23
42 27
42 32
42 33
42 34
42 35
42 40
42 43
42 53
42 56
42 58
42 60
42 71
42 72
42 78
42 79
42 81
42 84
42 85
42 100
42 101
42 106
42 110
42 112
42 115
42 119
42 126
42 127
42 130
42 137
42 142
42 143
42 145
42 148
42 161
42 165
42 168
42 169
42 171
42 182
42 188
42 191
42 193
42 194
42 195
43 -10 24
43 0
43 3
43 4
43 5
43 6
43 11
43 13
43 15
43 16
43 18
43 21
43 23
43 24
43 25
43 27
43 28
43 35
43 37
43 39
43 40
43 41
43 42
43 46
43 47
43 50
43 54
43 55
43 57
43 60
43 67
43 70
43 72
43 73
43 77
43 79
43 80
43 86
43 92
43 93
43 94
43 95
43 96
43 98
43 100
43 107
43 111
43 112
43 113
43 117
43 122
43 125
43 127
43 129
43 134
43 135
43 139
43 140
43 143
43 146
43 156
43 158
43 159
43 168
43 178
43 182
43 187
43 189
43 190
43 193
43 194
43 195
43 196
44 -10 48
44 1
44 5
44 19
44 21
44 23
44 25
44 26
44 36
44 38
44 41
44 46
44 54
44 56
44 61
44 62
44 67
44 86
44 92
44 93
44 96
44 97
44 99
44 104
44 112
44 117
44 118
44 120
44 128
44 142
44 146
44 147
44 151
44 153
44 166
44 168
44 171
44 174
44 184
44 187
44 191
45 -10 59
45 6
45 11
45 13
45 14
45 18
45 19
45 21
45 24
45 27
45 31
45 32
45 33
45 36
45 38
45 44
45 47
45 48
45 51
45 52
45 58
45 63
45 65
45 69
45 71
45 74
45 77
45 80
45 83
45 84
45 88
45 90
45 92
45 93
45 95
45 97
45 99
45 103
45 104
45 105
45 106
45 108
45 110
45 111
45 114
45 117
45 118
45 120
45 122
45 123
45 137
45 141
45 143
45 145
45 148
45 149
45 150
45 151
45 156
45 157
45 163
45 168
45 173
45 174
45 178
45 182
45 184
45 186
45 189
45 190
45 191
45 193
45 197
45 198
46 -10 85
46 1
46 4
46 6
46 10
46 11
46 21
46 24
46 26
46 27
46 28
46 31
46 35
46 36
46 38
46 45
46 47
46 52
46 56
46 62
46 68
46 70
46 72
46 77
46 80
46 84
46 85
46 86
46 89
46 90
46 91
46 93
46 96
46 98
46 102
46 108
46 109
46 111
46 112
46 116
46 117
46 119
46 122
46 125
46 128
46 129
46 132
46 139
46 144
46 147
46 149
46 150
46 151
46 153
46 154
46 155
46 156
46 158
46 169
46 175
46 176
46 177
46 179
46 185
46 186
46 188
46 197
47 -10 56
47 0
47 5
47 8
47 10
47 12
47 13
47 15
47 16
47 20
47 33
47 35
47 37
47 40
47 41
47 49
47 53
47 54
47 56
47 57
47 60
47 63
47 64
47 65
47 69
47 75
47 77
47 82
47 83
47 84
47 85
47 86
47 87
47 88
47 89
47 92
47 97
47 99
47 101
47 104
47 107
47 108
47 110
47 129
47 130
47 132
47 135
47 137
47 140
47 143
47 145
47 151
47 154
47 155
47 168
47 177
47 183
47 188
47 190
47 192
47 197
47 199
48 -10 97
48 6
48 9
48 13
48 18
48 22
48 24
48 28
48 36
48 37
48 39
48 47
48 53
48 54
48 55
48 61
48 62
48 65
48 73
48 75
48 78
48 84
48 86
48 90
48 92
48 96
48 98
48 99
48 104
48 105
48 106
48 109
48 112
48 113
48 117
48 122
48 124
48 125
48 127
48 131
48 133
48 134
48 137
48 138
48 142
48 146
48 149
48 150
48 153
48 157
48 160
48 167
48 174
48 175
48 184
48 185
48 192
48 193
48 195
48 196
48 197
48 199
49 -10 41
49 0
49 2
49 4
49 6
49 8
49 11
49 16
49 25
49 26
49 32
49 34
49 37
49 39
49 40
49 44
49 45
49 46
49 50
49 56
49 57
49 58
49 62
49 66
49 68
49 70
49 74
49 78
49 79
49 83
49 85
49 86
49 88
49 90
49 93
49 95
49 100
49 104
49 106
49 107
49 114
49 115
49 116
49 117
49 118
49 123
49 125
49 128
49 129
49 136
49 141
49 144
49 147
49 149
49 150
49 155
49 164
49 166
49 167
49 171
49 176
49 177
49 180
49 184
49 186
49 190
49 191
49 196
49 199
50 -10 22
50 0
50 2
50 7
50 8
50 12
50 13
50 16
50 18
50 19
50 21
50 23
50 32
50 34
50 36
50 38
50 42
50 43
50 47
50 49
50 51
50 52
50 56
50 59
50 61
50 65
50 69
50 71
50 75
50 76
50 81
50 83
50 84
50 88
50 90
50 97
50 101
50 104
50 105
50 109
50 112
50 113
50 114
50 116
50 119
50 127
50 129
50 133
50 136
50 139
50 140
50 144
50 147
50 157
50 158
50 159
50 161
50 164
50 170
50 171
50 174
50 177
50 179
50 180
50 182
50 184
50 189
50 195
50 198
51 -10 22
51 3
51 4
51 5
51 10
51 15
51 16
51 17
51 18
51 22
51 24
51 25
51 27
51 32
51 33
51 34
51 39
51 40
51 41
51 46
51 48
51 49
51 52
51 55
51 56
51 59
51 64
51 65
51 66
51 68
51 71
51 72
51 75
51 76
51 90
51 91
51 92
51 96
51 100
51 101
51 102
51 105
51 110
51 123
51 124
51 126
51 132
51 134
51 136
51 137
51 138
51 143
51 144
51 145
51 146
51 150
51 152
51 153
51 156
51 157
51 165
51 166
51 167
51 168
51 170
51 174
51 176
51 177
51 181
51 184
51 187
51 189
51 191
51 193
51 195
52 -10 52
52 0
52 6
52 10
52 13
52 17
52 20
52 21
52 25
52 32
52 33
52 36
52 38
52 39
52 50
52 65
52 66
52 79
52 80
52 82
52 83
52 95
52 96
52 101
52 115
52 116
52 129
52 134
52 136
52 145
52 153
52 154
52 160
52 161
52 167
52 182
52 183
52 184
52 188
52 189
52 190
52 193
53 -10 45
53 0
53 6
53 11
53 13
53 15
53 17
53 29
53 33
53 42
53 45
53 48
53 52
53 57
53 58
53 64
53 65
53 67
53 70
53 71
53 76
53 79
53 96
53 97
53 98
53 102
53 106
53 107
53 109
53 110
53 115
53 118
53 119
53 121
53 122
53 131
53 140
53 142
53 146
53 151
53 154
53 155
53 158
53 162
53 163
53 165
53 166
53 175
53 180
53 184
53 187
53 188
53 192
53 194
53 197
54 -10 59
54 6
54 7
54 8
54 15
54 17
54 18
54 19
54 22
54 26
54 31
54 33
54 36
54 38
54 41
54 42
54 44
54 47
54 49
54 52
54 57
54 59
54 60
54 61
54 70
54 72
54 75
54 79
54 80
54 81
54 84
54 85
54 86
54 88
54 97
54 98
54 99
54 101
54 102
54 104
54 105
54 106
54 107
54 108
54 112
54 114
54 115
54 120
54 121
54 124
54 128
54 130
54 133
54 136
54 138
54 141
54 143
54 145
54 146
54 149
54 153
54 154
54 155
54 163
54 167
54 168
54 169
54 174
54 175
54 176
54 181
54 184
54 190
54 193
54 199
55 -10 94
55 1
55 5
55 15
55 16
55 20
55 23
55 30
55 32
55 39
55 40
55 41
55 42
55 44
55 45
55 48
55 50
55 53
55 56
55 58
55 59
55 62
55 64
55 66
55 70
55 71
55 73
55 75
55 76
55 80
55 83
55 84
55 85
55 88
55 92
55 98
55 101
55 102
55 106
55 111
55 112
55 116
55 117
55 118
55 120
55 123
55 130
55 135
55 137
55 142
55 143
55 146
55 147
55 168
55 169
55 172
55 173
55 176
55 177
55 181
55 183
55 184
55 185
55 186
55 187
55 189
55 195
55 197
55 198
56 -10 22
56 2
56 11
56 12
56 14
56 21
56 26
56 30
56 33
56 36
56 37
56 38
56 39
56 45
56 48
56 49
56 54
56 57
56 60
56 65
56 67
56 72
56 75
56 78
56 79
56 80
56 83
56 85
56 86
56 88
56 95
56 96
56 98
56 99
56 102
56 103
56 106
56 108
56 110
56 113
56 115
56 117
56 119
56 120
56 121
56 125
56 135
56 136
56 138
56 139
56 140
56 142
56 145
56 147
56 152
56 154
56 159
56 160
56 162
56 164
56 165
56 166
56 167
56 169
56 170
56 172
56 175
56 176
56 179
56 182
56 186
56 190
56 191
56 192
56 198
57 -10 73
57 6
57 9
57 13
57 17
57 19
57 23
57 27
57 29
57 31
57 33
57 44
57 50
57 52
57 53
57 55
57 59
57 61
57 63
57 65
57 66
57 71
57 73
57 78
57 79
57 86
57 87
57 89
57 92
57 95
57 96
57 99
57 102
57 105
57 107
57 108
57 113
57 114
57 115
57 119
57 123
57 126
57 127
57 134
57 136
57 141
57 147
57 152
57 153
57 157
57 159
57 166
57 168
57 170
57 171
57 172
57 173
57 185
57 187
57 188
57 190
57 193
57 195
57 196
57 199
58 -10 13
58 8
58 18
58 19
58 20
58 24
58 25
58 28
58 31
58 32
58 35
58 38
58 43
58 55
58 56
58 57
58 64
58 67
58 68
58 69
58 74
58 79
58 80
58 91
58 92
58 94
58 95
58 100
58 101
58 102
58 103
58 105
58 111
58 113
58 114
58 116
58 118
58 120
58 122
58 126
58 128
58 131
58 132
58 146
58 147
58 148
58 156
58 157
58 158
58 159
58 161
58 163
58 164
58 166
58 171
58 174
58 178
58 182
58 183
58 185
58 187
58 190
58 192
58 195
59 -10 34
59 2
59 8
59 9
59 15
59 16
59 19
59 23
59 26
59 27
59 36
59 37
59 42
59 44
59 46
59 49
59 56
59 58
59 62
59 69
59 72
59 74
59 76
59 78
59 88
59 90
59 94
59 99
59 101
59 102
59 114
59 115
59 123
59 124
59 129
59 133
59 137
59 139
59 151
59 152
59 169
59 172
59 175
59 176
59 178
59 182
59 184
59 186
59 188
59 189
59 196
60 -10 16
60 2
60 3
60 8
60 13
60 16
60 17
60 22
60 24
60 26
60 37
60 38
60 43
60 44
60 53
60 54
60 63
60 72
60 73
60 74
60 76
60 89
60 90
60 91
60 99
60 101
60 102
60 103
60 107
60 112
60 117
60 118
60 120
60 121
60 122
60 129
60 133
60 134
60 137
60 148
60 152
60 154
60 155
60 159
60 169
60 172
60 175
60 177
60 179
60 185
60 188
60 193
60 195
60 199
61 -10 95
61 4
61 5
61 6
61 11
61 20
61 23
61 25
61 28
61 29
61 35
61 40
61 42
61 44
61 45
61 47
61 52
61 55
61 56
61 59
61 64
61 71
61 72
61 77
61 83
61 90
61 91
61 92
61 96
61 99
61 102
61 104
61 107
61 109
61 112
61 116
61 120
61 124
61 126
61 128
61 132
61 135
61 138
61 139
61 141
61 142
61 144
61 145
61 146
61 148
61 149
61 153
61 156
61 158
61 159
61 161
61 169
61 172
61 174
61 176
61 178
61 179
61 180
61 181
61 183
61 188
61 190
61 192
61 196
62 -10 25
62 0
62 3
62 4
62 5
62 15
62 16
62 17
62 23
62 26
62 30
62 32
62 38
62 45
62 49
62 59
62 61
62 64
62 65
62 67
62 68
62 72
62 79
62 82
62 96
62 98
62 100
62 105
62 108
62 118
62 132
62 133
62 136
62 143
62 144
62 147
62 152
62 158
62 162
62 165
62 166
62 168
62 169
62 173
62 178
62 180
62 186
62 187
62 190
62 193
62 196
62 197
62 199
63 -10 79
63 5
63 9
63 11
63 15
63 16
63 17
63 20
63 25
63 26
63 29
63 30
63 35
63 37
63 40
63 49
63 52
63 53
63 54
63 57
63 60
63 64
63 67
63 69
63 70
63 72
63 73
63 81
63 86
63 88
63 90
63 93
63 94
63 105
63 111
63 112
63 113
63 117
63 119
63 121
63 128
63 134
63 136
63 142
63 145
63 150
63 153
63 154
63 157
63 158
63 160
63 162
63 165
63 167
63 169
63 170
63 176
63 177
63 179
63 184
63 187
63 188
63 191
63 192
63 199
64 -10 50
64 0
64 3
64 6
64 20
64 23
64 26
64 28
64 29
64 32
64 33
64 35
64 39
64 40
64 41
64 42
64 49
64 50
64 52
64 59
64 61
64 63
64 67
64 68
64 70
64 71
64 73
64 77
64 78
64 83
64 85
64 86
64 87
64 93
64 95
64 96
64 98
64 99
64 101
64 107
64 109
64 116
64 118
64 120
64 121
64 123
64 131
64 135
64 137
64 138
64 139
64 142
64 144
64 145
64 147
64 149
64 154
64 157
64 158
64 160
64 161
64 164
64 166
64 168
64 169
64 180
64 181
64 182
64 183
64 184
64 185
64 188
64 192
64 193
64 199
65 -10 29
65 0
65 1
65 13
65 17
65 19
65 23
65 24
65 26
65 30
65 32
65 33
65 34
65 35
65 37
65 38
65 40
65 43
65 44
65 45
65 53
65 54
65 55
65 58
65 67
65 68
65 69
65 70
65 75
65 77
65 81
65 83
65 84
65 85
65 95
65 99
65 100
65 116
65 117
65 119
65 124
65 126
65 127
65 128
65 129
65 131
65 135
65 136
65 137
65 139
65 140
65 141
65 142
65 145
65 146
65 148
65 149
65 151
65 152
65 156
65 157
65 158
65 163
65 170
65 171
65 173
65 175
65 176
65 180
65 181
65 188
65 189
65 190
65 191
65 192
65 194
65 196
65 197
65 199
66 -10 56
66 0
66 8
66 12
66 15
66 16
66 24
66 26
66 29
66 36
66 38
66 43
66 44
66 46
66 50
66 52
66 55
66 56
66 57
66 58
66 59
66 61
66 64
66 65
66 67
66 68
66 70
66 74
66 75
66 82
66 84
66 99
66 101
66 106
66 110
66 111
66 114
66 117
66 124
66 125
66 128
66 134
66 136
66 139
66 145
66 147
66 148
66 158
66 163
66 166
66 171
66 174
66 180
66 182
66 188
66 190
66 192
67 -10 0
67 7
67 16
67 18
67 19
67 20
67 22
67 24
67 25
67 26
67 29
67 31
67 32
67 33
67 38
67 39
67 42
67 45
67 48
67 51
67 54
67 56
67 64
67 69
67 71
67 75
67 80
67 82
67 84
67 90
67 93
67 95
67 100
67 101
67 106
67 107
67 117
67 120
67 121
67 125
67 127
67 128
67 130
67 135
67 137
67 143
67 144
67 148
67 153
67 155
67 156
67 157
67 158
67 161
67 166
67 174
67 176
67 179
67 188
67 189
67 190
67 192
67 193
67 194
67 195
68 -10 82
68 2
68 5
68 6
68 9
68 12
68 13
68 15
68 17
68 20
68 22
68 23
68 24
68 26
68 28
68 29
68 30
68 38
68 41
68 43
68 49
68 52
68 55
68 58
68 59
68 64
68 67
68 70
68 71
68 74
68 77
68 81
68 87
68 90
68 91
68 99
68 100
68 101
68 102
68 120
68 121
68 122
68 123
68 130
68 131
68 133
68 135
68 136
68 142
68 143
68 144
68 145
68 151
68 152
68 153
68 154
68 158
68 160
68 163
68 171
68 175
68 182
68 183
68 188
68 192
68 194
68 195
69 -10 47
69 3
69 4
69 10
69 13
69 16
69 19
69 21
69 22
69 23
69 24
69 25
69 32
69 36
69 38
69 39
69 45
69 46
69 47
69 48
69 51
69 59
69 60
69 62
69 65
69 66
69 67
69 68
69 71
69 72
69 78
69 79
69 80
69 82
69 85
69 88
69 94
69 96
69 103
69 107
69 113
69 114
69 115
69 120
69 126
69 128
69 129
69 135
69 140
69 141
69 142
69 144
69 149
69 150
69 152
69 153
69 161
69 162
69 165
69 170
69 175
69 177
69 181
69 182
69 185
69 186
69 188
69 189
69 190
69 196
69 198
69 199
70 -10 69
70 1
70 11
70 12
70 14
70 16
70 21
70 24
70 29
70 30
70 35
70 50
70 52
70 60
70 61
70 66
70 67
70 68
70 71
70 74
70 79
70 83
70 84
70 90
70 95
70 100
70 105
70 106
70 109
70 110
70 111
70 123
70 125
70 135
70 141
70 144
70 150
70 151
70 158
70 159
70 167
70 172
70 175
70 182
70 183
70 187
70 192
70 193
70 195
71 -10 25
71 4
71 7
71 9
71 19
71 21
71 27
71 28
71 31
71 32
71 36
71 37
71 40
71 41
71 48
71 49
71 51
71 55
71 61
71 65
71 66
71 67
71 70
71 79
71 83
71 88
71 91
71 101
71 111
71 114
71 119
71 124
71 125
71 133
71 134
71 139
71 140
71 155
71 160
71 163
71 164
71 165
71 169
71 170
71 175
71 179
71 182
71 197
72 -10 47
72 3
72 4
72 20
72 23
72 24
72 28
72 29
72 33
72 43
72 49
72 52
72 53
72 54
72 56
72 57
72 58
72 65
72 66
72 68
72 76
72 79
72 80
72 88
72 90
72 96
72 101
72 103
72 116
72 120
72 121
72 126
72 128
72 132
72 136
72 137
72 144
72 153
72 154
72 158
72 166
72 167
72 179
72 180
72 182
72 183
72 184
72 187
72 189
72 193
72 194
72 197
73 -10 10
73 0
73 5
73 7
73 10
73 11
73 12
73 17
73 19
73 21
73 23
73 27
73 28
73 34
73 37
73 38
73 41
73 42
73 45
73 48
73 49
73 50
73 51
73 57
73 60
73 62
73 63
73 64
73 67
73 71
73 81
73 82
73 84
73 88
73 94
73 95
73 96
73 98
73 100
73 103
73 104
73 118
73 122
73 123
73 126
73 127
73 132
73 134
73 135
73 137
73 138
73 139
73 143
73 145
73 148
73 151
73 152
73 155
73 156
73 158
73 160
73 161
73 162
73 165
73 171
73 172
73 177
73 178
73 187
73 189
73 193
73 194
73 199
74 -10 28
74 1
74 5
74 8
74 15
74 19
74 38
74 47
74 52
74 53
74 54
74 55
74 56
74 57
74 59
74 73
74 78
74 89
74 92
74 95
74 103
74 107
74 111
74 112
74 127
74 129
74 131
74 137
74 142
74 147
74 148
74 149
74 152
74 153
74 156
74 158
74 165
74 167
74 168
74 169
74 170
74 171
74 172
74 174
74 176
74 178
74 181
74 186
74 195
74 199
75 -10 88
75 2
75 3
75 12
75 23
75 24
75 27
75 29
75 31
75 32
75 35
75 36
75 37
75 45
75 46
75 47
75 52
75 54
75 67
75 74
75 76
75 81
75 82
75 89
75 91
75 92
75 96
75 99
75 102
75 103
75 114
75 126
75 129
75 132
75 143
75 145
75 152
75 154
75 157
75 161
75 167
75 169
75 177
75 179
75 183
75 187
75 189
75 193
75 195
75 197
75 199
76 -10 99
76 4
76 18
76 20
76 21
76 27
76 28
76 33
76 37
76 46
76 49
76 50
76 51
76 54
76 58
76 60
76 61
76 63
76 68
76 71
76 74
76 81
76 84
76 93
76 102
76 105
76 115
76 119
76 122
76 128
76 132
76 145
76 146
76 150
76 153
76 159
76 160
76 161
76 171
76 174
76 177
76 184
76 185
76 186
76 189
76 190
76 194
77 -10 19
77 0
77 1
77 8
77 14
77 15
77 16
77 18
77 23
77 25
77 35
77 37
77 38
77 44
77 48
77 49
77 50
77 51
77 53
77 55
77 57
77 62
77 63
77 65
77 67
77 68
77 72
77 79
77 80
77 81
77 82
77 85
77 88
77 96
77 99
77 100
77 102
77 105
77 106
77 112
77 113
77 114
77 116
77 119
77 122
77 125
77 126
77 131
77 135
77 136
77 137
77 141
77 143
77 145
77 146
77 152
77 162
77 169
77 170
77 173
77 174
77 184
77 185
77 186
77 190
77 191
77 192
77 193
77 198
77 199
78 -10 95
78 3
78 9
78 18
78 21
78 23
78 26
78 29
78 31
78 40
78 43
78 45
78 48
78 54
78 66
78 70
78 72
78 75
78 77
78 81
78 85
78 92
78 94
78 99
78 106
78 107
78 110
78 118
78 121
78 122
78 123
78 124
78 125
78 128
78 130
78 132
78 135
78 137
78 138
78 139
78 140
78 144
78 147
78 148
78 149
78 151
78 154
78 156
78 157
78 161
78 165
78 166
78 169
78 173
78 174
78 175
78 176
78 177
78 192
78 199
79 -10 58
79 4
79 9
79 10
79 12
79 20
79 22
79 23
79 27
79 28
79 31
79 35
79 40
79 42
79 45
79 57
79 62
79 65
79 66
79 67
79 71
79 72
79 74
79 77
79 81
79 84
79 85
79 86
79 89
79 91
79 93
79 94
79 100
79 104
79 109
79 117
79 128
79 138
79 141
79 143
79 146
79 149
79 154
79 159
79 164
79 168
79 169
79 173
79 176
79 179
79 183
79 187
79 188
79 190
79 191
79 194
79 197
80 -10 46
80 1
80 6
80 7
80 9
80 12
80 21
80 23
80 30
80 32
80 35
80 37
80 39
80 43
80 45
80 48
80 52
80 57
80 72
80 73
80 76
80 79
80 83
80 85
80 86
80 90
80 99
80 102
80 112
80 114
80 116
80 118
80 120
80 124
80 135
80 140
80 143
80 147
80 150
80 154
80 165
80 167
80 168
80 175
80 177
80 183
80 187
80 189
80 192
80 195
81 -10 58
81 4
81 14
81 15
81 16
81 17
81 20
81 24
81 29
81 33
81 37
81 46
81 51
81 62
81 66
81 68
81 70
81 72
81 73
81 75
81 76
81 77
81 79
81 82
81 84
81 85
81 86
81 89
81 101
81 105
81 109
81 110
81 115
81 118
81 123
81 125
81 129
81 131
81 132
81 133
81 136
81 141
81 142
81 143
81 148
81 151
81 154
81 155
81 160
81 161
81 162
81 164
81 168
81 169
81 174
81 180
81 182
81 184
81 189
81 191
81 194
81 195
81 196
81 197
81 198
82 -10 48
82 3
82 6
82 11
82 25
82 28
82 29
82 30
82 38
82 41
82 43
82 47
82 48
82 53
82 54
82 56
82 62
82 63
82 70
82 71
82 77
82 81
82 88
82 90
82 92
82 109
82 119
82 120
82 123
82 132
82 136
82 139
82 140
82 160
82 167
82 173
82 181
82 182
82 184
82 185
82 189
82 191
82 192
82 197
83 -10 49
83 1
83 3
83 5
83 11
83 12
83 16
83 27
83 28
83 33
83 34
83 36
83 37
83 39
83 45
83 48
83 58
83 59
83 63
83 71
83 74
83 75
83 78
83 82
83 86
83 90
83 98
83 99
83 105
83 106
83 107
83 108
83 114
83 117
83 122
83 123
83 130
83 134
83 135
83 138
83 139
83 140
83 143
83 144
83 155
83 156
83 164
83 166
83 168
83 170
83 176
83 177
83 183
83 193
83 194
84 -10 88
84 3
84 13
84 16
84 26
84 32
84 35
84 37
84 38
84 41
84 43
84 44
84 46
84 47
84 48
84 49
84 52
84 56
84 59
84 63
84 66
84 68
84 69
84 71
84 73
84 74
84 76
84 80
84 81
84 87
84 90
84 93
84 96
84 104
84 105
84 113
84 114
84 124
84 125
84 126
84 134
84 136
84 137
84 139
84 144
84 149
84 155
84 158
84 161
84 164
84 166
84 170
84 175
84 177
84 178
84 182
84 192
84 197
84 199
85 -10 30
85 6
85 7
85 9
85 11
85 12
85 21
85 30
85 32
85 35
85 41
85 43
85 58
85 59
85 63
85 67
85 69
85 74
85 75
85 84
85 90
85 91
85 93
85 97
85 103
85 109
85 111
85 112
85 114
85 115
85 116
85 118
85 119
85 121
85 125
85 127
85 136
85 146
85 149
85 150
85 157
85 159
85 163
85 165
85 170
85 173
85 176
85 183
85 188
85 191
85 196
85 199
86 -10 88
86 2
86 3
86 10
86 16
86 22
86 26
86 27
86 29
86 40
86 42
86 44
86 46
86 49
86 51
86 55
86 58
86 60
86 62
86 63
86 65
86 68
86 69
86 70
86 73
86 74
86 79
86 80
86 84
86 85
86 89
86 90
86 94
86 98
86 99
86 100
86 102
86 103
86 105
86 114
86 120
86 122
86 123
86 124
86 126
86 127
86 128
86 129
86 130
86 131
86 133
86 134
86 136
86 137
86 140
86 148
86 151
86 152
86 153
86 154
86 156
86 160
86 162
86 172
86 176
86 180
86 185
86 188
86 191
86 193
86 194
86 197
86 198
86 199
87 -10 1
87 2
87 3
87 4
87 6
87 13
87 18
87 21
87 22
87 25
87 26
87 30
87 40
87 43
87 50
87 51
87 52
87 54
87 55
87 58
87 59
87 62
87 64
87 65
87 73
87 78
87 81
87 82
87 86
87 88
87 89
87 90
87 93
87 100
87 101
87 102
87 104
87 106
87 108
87 110
87 113
87 115
87 116
87 118
87 120
87 121
87 122
87 124
87 127
87 131
87 133
87 137
87 141
87 149
87 150
87 152
87 153
87 154
87 163
87 164
87 165
87 166
87 167
87 171
87 172
87 174
87 175
87 184
87 185
87 186
87 187
87 188
87 189
87 196
87 197
88 -10 37
88 6
88 9
88 11
88 12
88 13
88 14
88 16
88 17
88 34
88 42
88 43
88 44
88 48
88 49
88 50
88 51
88 52
88 53
88 57
88 64
88 76
88 93
88 97
88 100
88 101
88 111
88 112
88 121
88 123
88 129
88 131
88 132
88 133
88 135
88 140
88 141
88 143
88 144
88 145
88 162
88 163
88 165
88 169
88 170
88 172
88 180
88 184
88 193
88 199
89 -10 33
89 4
89 6
89 7
89 9
89 12
89 15
89 20
89 21
89 25
89 28
89 29
89 30
89 31
89 35
89 38
89 39
89 44
89 45
89 46
89 51
89 55
89 58
89 59
89 70
89 73
89 80
89 83
89 90
89 102
89 105
89 111
89 113
89 115
89 116
89 121
89 129
89 130
89 132
89 133
89 134
89 137
89 138
89 141
89 143
89 144
89 146
89 149
89 151
89 152
89 153
89 159
89 160
89 161
89 163
89 164
89 170
89 178
89 182
89 183
89 184
89 187
89 189
89 194
89 195
89 197
89 199
90 -10 52
90 0
90 4
90 6
90 10
90 11
90 15
90 17
90 19
90 20
90 21
90 23
90 24
90 25
90 30
90 31
90 33
90 34
90 38
90 43
90 44
90 45
90 46
90 47
90 49
90 50
90 52
90 59
90 61
90 64
90 68
90 70
90 72
90 73
90 79
90 85
90 87
90 95
90 98
90 99
90 100
90 101
90 102
90 103
90 109
90 115
90 116
90 118
90 119
90 121
90 124
90 133
90 135
90 137
90 140
90 141
90 142
90 144
90 145
90 146
90 151
90 152
90 155
90 160
90 161
90 162
90 164
90 167
90 168
90 170
90 173
90 174
90 178
90 183
90 184
90 187
90 191
91 -10 29
91 0
91 12
91 13
91 18
91 19
91 20
91 21
91 22
91 24
91 25
91 26
91 27
91 28
91 30
91 31
91 33
91 35
91 44
91 45
91 51
91 52
91 61
91 62
91 65
91 66
91 67
91 71
91 79
91 82
91 86
91 87
91 92
91 95
91 97
91 98
91 100
91 103
91 106
91 107
91 108
91 118
91 119
91 121
91 123
91 134
91 145
91 148
91 150
91 153
91 156
91 159
91 161
91 165
91 166
91 171
91 180
91 183
91 184
91 186
91 190
91 191
91 192
91 193
91 197
92 -10 76
92 0
92 6
92 10
92 14
92 17
92 20
92 27
92 28
92 29
92 33
92 34
92 38
92 42
92 43
92 48
92 54
92 60
92 61
92 63
92 64
92 65
92 70
92 80
92 82
92 89
92 90
92 99
92 100
92 110
92 111
92 119
92 125
92 129
92 131
92 136
92 137
92 141
92 144
92 145
92 147
92 155
92 158
92 160
92 162
92 164
92 168
92 169
92 176
92 184
92 197
92 199
93 -10 93
93 2
93 3
93 4
93 5
93 6
93 11
93 12
93 15
93 20
93 27
93 29
93 31
93 32
93 34
93 35
93 37
93 38
93 39
93 41
93 47
93 48
93 49
93 50
93 53
93 56
93 59
93 63
93 64
93 66
93 70
93 76
93 78
93 80
93 82
93 83
93 85
93 90
93 96
93 97
93 98
93 101
93 107
93 113
93 118
93 119
93 124
93 126
93 129
93 130
93 132
93 139
93 147
93 155
93 164
93 165
93 173
93 178
93 181
93 182
93 183
93 184
93 187
93 199
94 -10 37
94 0
94 3
94 7
94 9
94 19
94 21
94 22
94 24
94 27
94 34
94 36
94 39
94 43
94 45
94 47
94 52
94 56
94 59
94 61
94 68
94 70
94 75
94 79
94 83
94 84
94 85
94 88
94 90
94 99
94 100
94 101
94 104
94 105
94 106
94 113
94 123
94 128
94 133
94 135
94 137
94 138
94 139
94 145
94 149
94 155
94 157
94 160
94 169
94 170
94 173
94 181
94 183
94 184
94 186
94 190
94 192
94 195
94 198
95 -10 57
95 7
95 9
95 13
95 14
95 18
95 24
95 25
95 27
95 30
95 32
95 37
95 40
95 45
95 50
95 64
95 67
95 75
95 79
95 80
95 83
95 90
95 96
95 98
95 99
95 101
95 103
95 109
95 110
95 117
95 118
95 119
95 120
95 131
95 135
95 138
95 141
95 144
95 146
95 149
95 154
95 155
95 165
95 170
95 181
95 190
95 198
96 -10 61
96 3
96 5
96 8
96 10
96 17
96 18
96 22
96 23
96 26
96 27
96 31
96 33
96 34
96 35
96 38
96 42
96 44
96 45
96 46
96 50
96 54
96 55
96 64
96 65
96 67
96 72
96 74
96 75
96 82
96 83
96 86
96 88
96 97
96 108
96 109
96 114
96 117
96 118
96 120
96 121
96 122
96 124
96 125
96 127
96 128
96 130
96 132
96 133
96 134
96 135
96 137
96 141
96 149
96 152
96 154
96 160
96 162
96 165
96 168
96 170
96 171
96 177
96 179
96 182
96 188
96 190
96 192
96 194
97 -10 62
97 0
97 6
97 19
97 22
97 30
97 33
97 34
97 39
97 44
97 47
97 48
97 50
97 51
97 55
97 74
97 76
97 80
97 82
97 84
97 85
97 88
97 98
97 99
97 100
97 104
97 108
97 115
97 118
97 119
97 121
97 123
97 127
97 130
97 131
97 132
97 139
97 140
97 141
97 142
97 144
97 145
97 147
97 149
97 152
97 168
97 170
97 178
97 180
97 181
97 187
97 190
97 196
97 199
98 -10 31
98 5
98 9
98 14
98 22
98 23
98 33
98 34
98 41
98 43
98 47
98 51
98 53
98 61
98 66
98 71
98 72
98 76
98 81
98 82
98 83
98 86
98 88
98 90
98 91
98 99
98 110
98 113
98 116
98 119
98 120
98 123
98 127
98 128
98 137
98 139
98 143
98 145
98 156
98 157
98 166
98 167
98 170
98 173
98 174
98 177
98 178
98 186
98 193
98 194
98 197
99 -10 46
99 5
99 6
99 8
99 10
99 13
99 15
99 18
99 20
99 22
99 23
99 24
99 25
99 30
99 37
99 38
99 39
99 41
99 43
99 49
99 51
99 55
99 60
99 62
99 65
99 66
99 70
99 72
99 77
99 89
99 93
99 94
99 97
99 98
99 100
99 101
99 102
99 103
99 112
99 114
99 118
99 123
99 124
99 126
99 129
99 139
99 144
99 145
99 148
99 149
99 156
99 159
99 161
99 169
99 171
99 173
99 176
99 181
99 191
99 192
99 194
99 195
99 196
99 197
100 -10 48
100 4
100 5
100 9
100 11
100 12
100 14
100 17
100 25
100 26
100 30
100 31
100 33
100 44
100 45
100 48
100 49
100 50
100 51
100 59
100 62
100 66
100 68
100 75
100 80
100 84
100 86
100 88
100 94
100 95
100 97
100 98
100 99
100 111
100 120
100 121
100 122
100 123
100 124
100 127
100 129
100 131
100 133
100 135
100 138
100 141
100 142
100 145
100 149
100 151
100 159
100 160
100 164
100 166
100 167
100 168
100 171
100 174
100 181
100 182
100 184
100 187
100 192
100 196
100 198
100 199
101 -10 76
101 1
101 2
101 3
101 5
101 7
101 8
101 10
101 15
101 16
101 18
101 21
101 26
101 27
101 29
101 32
101 34
101 35
101 37
101 39
101 48
101 53
101 57
101 59
101 61
101 63
101 68
101 70
101 73
101 77
101 78
101 80
101 83
101 85
101 87
101 88
101 95
101 105
101 109
101 110
101 111
101 115
101 118
101 119
101 120
101 125
101 127
101 130
101 131
101 137
101 138
101 141
101 146
101 148
101 151
101 152
101 159
101 160
101 166
101 167
101 171
101 172
101 173
101 174
101 178
101 183
101 184
101 187
101 189
101 196
101 197
101 198
102 -10 93
102 5
102 6
102 7
102 8
102 12
102 13
102 14
102 16
102 17
102 19
102 21
102 22
102 39
102 47
102 53
102 56
102 58
102 61
102 64
102 66
102 68
102 71
102 73
102 76
102 78
102 87
102 88
102 89
102 90
102 92
102 93
102 96
102 98
102 101
102 107
102 114
102 116
102 120
102 121
102 124
102 125
102 127
102 130
102 132
102 135
102 137
102 138
102 145
102 146
102 148
102 152
102 154
102 156
102 157
102 158
102 160
102 162
102 169
102 178
102 180
102 183
102 185
102 186
102 188
102 189
102 192
102 193
102 199
103 -10 68
103 1
103 2
103 4
103 8
103 12
103 16
103 18
103 19
103 20
103 21
103 23
103 24
103 25
103 31
103 32
103 33
103 36
103 37
103 39
103 40
103 43
103 44
103 45
103 47
103 49
103 50
103 52
103 53
103 55
103 56
103 57
103 68
103 70
103 72
103 76
103 77
103 81
103 83
103 89
103 91
103 94
103 96
103 99
103 101
103 105
103 107
103 109
103 111
103 112
103 113
103 119
103 125
103 126
103 127
103 128
103 130
103 131
103 132
103 133
103 135
103 136
103 141
103 144
103 146
103 149
103 158
103 159
103 161
103 162
103 166
103 170
103 173
103 174
103 180
103 182
103 188
103 196
104 -10 16
104 0
104 1
104 4
104 11
104 12
104 13
104 14
104 15
104 17
104 20
104 24
104 28
104 29
104 30
104 32
104 37
104 38
104 39
104 41
104 42
104 44
104 45
104 48
104 49
104 57
104 58
104 60
104 61
104 62
104 65
104 68
104 70
104 73
104 74
104 75
104 76
104 77
104 80
104 86
104 93
104 94
104 95
104 96
104 97
104 98
104 100
104 105
104 106
104 109
104 113
104 116
104 118
104 122
104 125
104 128
104 136
104 142
104 145
104 147
104 148
104 150
104 152
104 158
104 161
104 162
104 163
104 167
104 171
104 174
104 176
104 177
104 181
104 182
104 185
104 186
104 191
104 192
104 199
105 -10 21
105 1
105 5
105 6
105 8
105 11
105 12
105 15
105 19
105 20
105 23
105 25
105 29
105 30
105 31
105 32
105 34
105 37
105 38
105 39
105 41
105 42
105 43
105 46
105 47
105 51
105 52
105 53
105 54
105 62
105 63
105 69
105 75
105 77
105 82
105 84
105 87
105 88
105 91
105 94
105 97
105 102
105 103
105 104
105 112
105 114
105 117
105 118
105 119
105 120
105 121
105 122
105 124
105 127
105 128
105 130
105 134
105 137
105 138
105 139
105 140
105 147
105 150
105 151
105 152
105 160
105 161
105 162
105 166
105 168
105 169
105 174
105 180
105 182
105 187
105 189
105 199
106 -10 30
106 5
106 6
106 7
106 10
106 13
106 16
106 22
106 23
106 25
106 27
106 30
106 36
106 47
106 48
106 51
106 52
106 55
106 58
106 66
106 76
106 78
106 81
106 84
106 92
106 96
106 100
106 103
106 105
106 107
106 113
106 114
106 115
106 122
106 126
106 127
106 129
106 130
106 134
106 135
106 146
106 147
106 149
106 157
106 158
106 163
106 175
106 177
106 185
106 187
106 188
106 190
106 194
107 -10 46
107 6
107 8
107 9
107 13
107 16
107 20
107 21
107 22
107 27
107 30
107 31
107 32
107 37
107 38
107 41
107 46
107 49
107 52
107 54
107 57
107 58
107 60
107 63
107 66
107 68
107 69
107 70
107 74
107 75
107 79
107 81
107 83
107 84
107 86
107 90
107 93
107 94
107 97
107 98
107 99
107 100
107 106
107 108
107 109
107 113
107 121
107 122
107 124
107 127
107 128
107 129
107 132
107 139
107 140
107 146
107 150
107 151
107 156
107 158
107 159
107 160
107 166
107 167
107 171
107 173
107 176
107 178
107 179
107 180
107 184
107 188
107 191
107 192
107 194
107 195
107 197
108 -10 93
108 1
108 2
108 3
108 6
108 9
108 14
108 15
108 17
108 22
108 25
108 26
108 27
108 28
108 40
108 41
108 42
108 43
108 44
108 45
108 46
108 47
108 50
108 52
108 55
108 56
108 57
108 62
108 63
108 65
108 75
108 76
108 78
108 86
108 87
108 91
108 96
108 97
108 103
108 104
108 105
108 106
108 107
108 109
108 112
108 116
108 120
108 123
108 126
108 127
108 133
108 135
108 138
108 140
108 142
108 144
108 145
108 150
108 155
108 160
108 161
108 166
108 167
108 169
108 174
108 177
108 179
108 181
108 182
108 183
108 184
108 186
108 189
108 193
108 195
108 197
108 199
109 -10 16
109 5
109 6
109 12
109 18
109 19
109 24
109 25
109 26
109 29
109 31
109 39
109 40
109 42
109 49
109 50
109 60
109 61
109 62
109 63
109 65
109 66
109 67
109 68
109 75
109 81
109 82
109 91
109 93
109 94
109 95
109 98
109 105
109 108
109 111
109 114
109 118
109 119
109 122
109 123
109 127
109 128
109 133
109 134
109 135
109 136
109 138
109 141
109 144
109 145
109 147
109 148
109 149
109 150
109 153
109 159
109 162
109 165
109 171
109 173
109 175
109 176
109 177
109 180
109 183
109 186
109 187
109 191
110 -10 98
110 2
110 5
110 7
110 9
110 12
110 16
110 17
110 23
110 25
110 26
110 27
110 39
110 41
110 42
110 43
110 48
110 50
110 55
110 56
110 57
110 60
110 61
110 64
110 66
110 67
110 69
110 74
110 75
110 80
110 82
110 85
110 88
110 89
110 90
110 91
110 92
110 93
110 111
110 124
110 127
110 129
110 130
110 132
110 133
110 135
110 144
110 147
110 148
110 156
110 158
110 159
110 160
110 163
110 165
110 166
110 173
110 176
110 178
110 180
110 186
110 187
110 198
111 -10 63
111 0
111 1
111 4
111 5
111 7
111 8
111 10
111 14
111 22
111 23
111 26
111 27
111 30
111 31
111 34
111 35
111 36
111 37
111 38
111 39
111 40
111 41
111 43
111 44
111 45
111 47
111 50
111 53
111 54
111 56
111 67
111 69
111 70
111 77
111 78
111 86
111 89
111 94
111 96
111 100
111 101
111 102
111 103
111 106
111 108
111 110
111 116
111 117
111 123
111 124
111 127
111 129
111 132
111 136
111 139
111 140
111 142
111 148
111 153
111 157
111 161
111 164
111 169
111 172
111 173
111 175
111 181
111 183
111 190
111 191
111 192
111 193
111 194
111 195
111 196
112 -10 10
112 0
112 19
112 20
112 22
112 25
112 30
112 32
112 34
112 42
112 44
112 49
112 52
112 53
112 56
112 57
112 65
112 71
112 72
112 73
112 81
112 86
112 90
112 92
112 93
112 95
112 102
112 108
112 109
112 117
112 118
112 119
112 123
112 132
112 133
112 136
112 143
112 145
112 147
112 150
112 151
112 156
112 160
112 164
112 171
112 175
112 188
112 193
112 199
113 -10 44
113 0
113 2
113 4
113 8
113 17
113 20
113 21
113 24
113 32
113 33
113 36
113 39
113 43
113 48
113 49
113 56
113 57
113 58
113 60
113 61
113 63
113 65
113 69
113 70
113 71
113 73
113 74
113 77
113 78
113 82
113 87
113 90
113 99
113 101
113 106
113 112
113 115
113 116
113 119
113 121
113 133
113 134
113 136
113 137
113 138
113 140
113 146
113 155
113 157
113 158
113 160
113 162
113 163
113 165
113 166
113 168
113 175
113 178
113 182
113 188
113 193
113 195
113 197
113 199
114 -10 21
114 0
114 1
114 2
114 4
114 6
114 7
114 11
114 21
114 23
114 27
114 31
114 35
114 37
114 38
114 40
114 42
114 49
114 58
114 62
114 64
114 65
114 68
114 76
114 77
114 83
114 86
114 90
114 94
114 104
114 106
114 107
114 108
114 111
114 112
114 115
114 122
114 125
114 131
114 143
114 146
114 153
114 156
114 157
114 159
114 164
114 165
114 166
114 170
114 176
114 178
114 181
114 184
114 186
114 187
114 189
114 195
114 197
115 -10 15
115 0
115 1
115 2
115 3
115 5
115 7
115 8
115 11
115 17
115 23
115 26
115 30
115 32
115 33
115 35
115 40
115 41
115 42
115 45
115 46
115 48
115 57
115 58
115 60
115 63
115 66
115 68
115 69
115 71
115 73
115 77
115 78
115 90
115 92
115 94
115 99
115 103
115 105
115 106
115 111
115 113
115 114
115 116
115 117
115 120
115 123
115 126
115 134
115 137
115 139
115 143
115 148
115 155
115 159
115 160
115 167
115 168
115 174
115 177
115 178
115 180
115 183
115 184
115 187
115 189
115 190
115 198
116 -10 90
116 1
116 3
116 10
116 13
116 14
116 15
116 20
116 26
116 28
116 29
116 33
116 35
116 37
116 40
116 45
116 47
116 48
116 49
116 52
116 55
116 60
116 66
116 75
116 76
116 77
116 83
116 86
116 90
116 104
116 107
116 109
116 113
116 119
116 123
116 125
116 126
116 127
116 129
116 134
116 135
116 139
116 141
116 155
116 158
116 162
116 165
116 167
116 172
116 176
116 178
116 184
116 186
116 189
116 190
116 191
116 194
117 -10 87
117 0
117 1
117 2
117 4
117 5
117 11
117 13
117 18
117 19
117 27
117 29
117 31
117 34
117 36
117 38
117 43
117 52
117 53
117 56
117 61
117 65
117 66
117 69
117 71
117 84
117 85
117 88
117 90
117 94
117 95
117 96
117 97
117 101
117 109
117 110
117 112
117 119
117 124
117 125
117 130
117 143
117 146
117 147
117 150
117 153
117 160
117 163
117 165
117 168
117 171
117 172
117 173
117 176
117 178
117 180
117 185
117 186
117 188
117 189
117 192
117 197
118 -10 8
118 0
118 1
118 7
118 10
118 12
118 13
118 27
118 28
118 30
118 31
118 33
118 35
118 37
118 38
118 42
118 45
118 46
118 49
118 52
118 53
118 58
118 60
118 61
118 67
118 72
118 73
118 74
118 76
118 77
118 78
118 84
118 87
118 88
118 89
118 93
118 94
118 95
118 96
118 97
118 100
118 104
118 108
118 116
118 120
118 127
118 128
118 130
118 133
118 137
118 139
118 140
118 148
118 152
118 159
118 163
118 166
118 167
118 168
118 171
118 172
118 173
118 175
118 178
118 183
118 185
118 190
118 191
118 193
118 195
118 196
118 199
119 -10 77
119 2
119 12
119 14
119 17
119 23
119 26
119 34
119 43
119 44
119 45
119 47
119 51
119 54
119 60
119 64
119 67
119 68
119 70
119 75
119 77
119 81
119 82
119 83
119 84
119 90
119 98
119 100
119 105
119 112
119 118
119 123
119 138
119 140
119 148
119 164
119 167
119 170
119 172
119 174
119 175
119 189
119 190
119 191
119 192
119 194
120 -10 17
120 2
120 5
120 10
120 13
120 20
120 27
120 28
120 31
120 32
120 33
120 44
120 48
120 50
120 53
120 55
120 56
120 62
120 64
120 65
120 66
120 67
120 73
120 75
120 82
120 85
120 86
120 88
120 97
120 100
120 101
120 102
120 107
120 108
120 112
120 113
120 117
120 119
120 127
120 129
120 132
120 137
120 141
120 146
120 147
120 153
120 154
120 155
120 159
120 163
120 168
120 169
120 170
120 171
120 180
120 185
120 187
120 188
120 194
120 198
121 -10 94
121 0
121 15
121 22
121 24
121 31
121 39
121 42
121 44
121 47
121 48
121 49
121 54
121 58
121 68
121 70
121 73
121 76
121 77
121 82
121 84
121 96
121 98
121 101
121 103
121 105
121 106
121 107
121 111
121 112
121 114
121 122
121 123
121 125
121 128
121 129
121 139
121 140
121 141
121 143
121 144
121 152
121 155
121 159
121 163
121 171
121 172
121 175
121 178
121 184
121 185
121 187
121 188
121 189
121 194
121 195
121 196
121 197
121 199
122 -10 71
122 0
122 1
122 2
122 4
122 5
122 7
122 8
122 9
122 11
122 12
122 15
122 19
122 22
122 23
122 25
122 26
122 27
122 31
122 34
122 38
122 40
122 47
122 48
122 49
122 53
122 55
122 56
122 58
122 62
122 64
122 68
122 69
122 81
122 85
122 88
122 89
122 90
122 91
122 95
122 100
122 101
122 102
122 103
122 105
122 117
122 119
122 123
122 125
122 127
122 130
122 135
122 137
122 139
122 141
122 144
122 147
122 148
122 155
122 160
122 161
122 162
122 164
122 165
122 171
122 179
122 184
122 185
122 186
122 195
122 196
123 -10 43
123 0
123 5
123 9
123 10
123 12
123 13
123 14
123 23
123 25
123 26
123 29
123 31
123 35
123 36
123 38
123 42
123 46
123 51
123 52
123 53
123 56
123 58
123 65
123 68
123 69
123 71
123 72
123 77
123 81
123 82
123 85
123 86
123 89
123 96
123 98
123 100
123 101
123 103
123 104
123 106
123 113
123 116
123 122
123 126
123 133
123 136
123 138
123 140
123 141
123 142
123 146
123 151
123 152
123 155
123 156
123 161
123 164
123 166
123 173
123 174
123 179
123 180
123 181
123 184
123 188
123 191
123 192
123 193
123 196
123 198
123 199
124 -10 15
124 2
124 3
124 4
124 7
124 13
124 15
124 16
124 17
124 18
124 21
124 22
124 24
124 27
124 28
124 29
124 35
124 43
124 47
124 55
124 57
124 58
124 61
124 68
124 69
124 70
124 72
124 74
124 78
124 79
124 81
124 85
124 86
124 89
124 93
124 94
124 95
124 96
124 99
124 100
124 103
124 105
124 114
124 116
124 117
124 119
124 120
124 121
124 125
124 126
124 133
124 136
124 138
124 140
124 141
124 143
124 144
124 145
124 146
124 147
124 149
124 158
124 163
124 165
124 167
124 168
124 172
124 176
124 180
124 182
124 186
124 190
124 191
124 192
124 196
124 197
125 -10 11
125 3
125 7
125 9
125 15
125 21
125 23
125 30
125 42
125 43
125 44
125 48
125 49
125 53
125 54
125 60
125 65
125 66
125 69
125 70
125 75
125 83
125 84
125 85
125 87
125 93
125 96
125 100
125 103
125 104
125 111
125 112
125 114
125 115
125 116
125 117
125 123
125 124
125 134
125 142
125 145
125 148
125 150
125 154
125 158
125 160
125 161
125 166
125 167
125 172
125 181
125 182
125 184
125 193
125 198
126 -10 0
126 1
126 6
126 12
126 13
126 17
126 18
126 21
126 23
126 25
126 27
126 35
126 37
126 39
126 43
126 46
126 49
126 53
126 60
126 65
126 69
126 71
126 73
126 75
126 78
126 82
126 86
126 87
126 90
126 91
126 94
126 97
126 98
126 99
126 101
126 106
126 117
126 123
126 124
126 125
126 131
126 138
126 140
126 146
126 147
126 154
126 157
126 158
126 162
126 171
126 172
126 178
126 179
126 184
126 187
126 188
126 190
126 195
127 -10 18
127 1
127 2
127 7
127 9
127 10
127 13
127 14
127 19
127 20
127 21
127 24
127 26
127 29
127 31
127 34
127 35
127 38
127 40
127 42
127 55
127 58
127 59
127 63
127 66
127 68
127 73
127 74
127 81
127 84
127 88
127 92
127 93
127 96
127 97
127 99
127 101
127 102
127 108
127 111
127 114
127 115
127 118
127 122
127 124
127 130
127 133
127 135
127 142
127 144
127 148
127 150
127 154
127 155
127 156
127 162
127 164
127 166
127 172
127 178
127 179
127 181
127 184
127 185
127 187
127 188
127 196
127 199
128 -10 29
128 2
128 8
128 9
128 10
128 19
128 21
128 24
128 25
128 27
128 29
128 39
128 44
128 49
128 50
128 51
128 52
128 61
128 63
128 69
128 72
128 80
128 81
128 83
128 85
128 91
128 96
128 101
128 105
128 106
128 107
128 113
128 121
128 124
128 126
128 127
128 131
128 134
128 138
128 142
128 152
128 153
128 154
128 155
128 158
128 172
128 173
128 175
128 183
128 186
128 189
128 193
128 194
128 196
129 -10 63
129 3
129 5
129 7
129 8
129 11
129 15
129 17
129 18
129 20
129 21
129 22
129 24
129 25
129 26
129 28
129 30
129 33
129 37
129 44
129 46
129 47
129 49
129 50
129 54
129 55
129 59
129 63
129 64
129 65
129 66
129 67
129 69
129 70
129 72
129 78
129 79
129 80
129 82
129 87
129 89
129 91
129 92
129 93
129 97
129 98
129 106
129 108
129 111
129 120
129 121
129 124
129 125
129 135
129 154
129 156
129 157
129 162
129 169
129 174
129 175
129 177
129 183
129 191
129 194
129 199
130 -10 71
130 3
130 4
130 5
130 7
130 8
130 9
130 17
130 23
130 26
130 32
130 34
130 35
130 36
130 38
130 40
130 42
130 45
130 59
130 61
130 65
130 73
130 79
130 80
130 81
130 84
130 85
130 88
130 93
130 94
130 96
130 104
130 106
130 113
130 116
130 119
130 121
130 126
130 129
130 131
130 132
130 133
130 136
130 137
130 140
130 143
130 146
130 150
130 152
130 153
130 154
130 156
130 157
130 161
130 163
130 167
130 169
130 172
130 173
130 175
130 177
130 178
130 179
130 182
130 186
130 190
130 194
130 196
130 197
131 -10 31
131 5
131 9
131 10
131 14
131 18
131 26
131 32
131 33
131 34
131 38
131 39
131 41
131 44
131 47
131 57
131 60
131 78
131 86
131 89
131 91
131 100
131 101
131 102
131 103
131 105
131 111
131 116
131 118
131 120
131 121
131 128
131 130
131 135
131 139
131 140
131 142
131 144
131 145
131 146
131 156
131 161
131 163
131 165
131 170
131 186
131 187
131 188
131 196
131 197
132 -10 35
132 1
132 4
132 6
132 10
132 11
132 13
132 18
132 19
132 20
132 24
132 25
132 30
132 32
132 33
132 36
132 37
132 38
132 42
132 43
132 45
132 46
132 49
132 53
132 54
132 56
132 58
132 60
132 62
132 68
132 72
132 73
132 76
132 79
132 89
132 90
132 91
132 94
132 96
132 101
132 102
132 103
132 106
132 107
132 109
132 110
132 112
132 113
132 114
132 115
132 118
132 121
132 126
132 130
132 138
132 139
132 144
132 145
132 148
132 156
132 165
132 166
132 168
132 169
132 170
132 179
132 186
132 187
132 188
132 189
132 190
132 191
132 197
133 -10 89
133 2
133 3
133 7
133 10
133 12
133 15
133 18
133 19
133 21
133 28
133 33
133 38
133 43
133 46
133 48
133 51
133 55
133 56
133 58
133 60
133 62
133 64
133 66
133 71
133 72
133 75
133 79
133 87
133 88
133 89
133 92
133 93
133 100
133 102
133 106
133 108
133 109
133 113
133 114
133 120
133 121
133 124
133 125
133 127
133 135
133 141
133 144
133 146
133 148
133 150
133 154
133 156
133 157
133 161
133 164
133 167
133 177
133 180
133 183
133 184
133 185
133 187
133 190
133 193
133 194
133 195
134 -10 85
134 3
134 5
134 7
134 9
134 12
134 13
134 18
134 19
134 20
134 24
134 27
134 28
134 31
134 37
134 38
134 42
134 50
134 56
134 57
134 63
134 64
134 65
134 67
134 78
134 80
134 85
134 89
134 92
134 95
134 100
134 101
134 105
134 109
134 120
134 125
134 126
134 128
134 138
134 139
134 140
134 144
134 152
134 153
134 155
134 156
134 159
134 161
134 169
134 174
134 179
134 180
134 181
134 183
134 188
134 189
134 192
134 193
134 194
134 197
134 198
135 -10 16
135 0
135 2
135 3
135 8
135 11
135 13
135 14
135 15
135 17
135 20
135 22
135 23
135 24
135 28
135 29
135 31
135 34
135 35
135 39
135 42
135 43
135 45
135 47
135 48
135 50
135 52
135 60
135 61
135 64
135 73
135 76
135 79
135 84
135 89
135 91
135 92
135 95
135 96
135 97
135 98
135 99
135 100
135 103
135 110
135 113
135 116
135 117
135 121
135 123
135 128
135 129
135 131
135 133
135 137
135 140
135 141
135 142
135 147
135 149
135 155
135 164
135 166
135 170
135 172
135 173
135 181
135 188
135 189
135 191
135 196
135 197
136 -10 96
136 0
136 2
136 6
136 7
136 10
136 11
136 13
136 15
136 16
136 19
136 23
136 28
136 36
136 37
136 41
136 42
136 43
136 44
136 47
136 49
136 52
136 55
136 56
136 57
136 58
136 61
136 62
136 63
136 64
136 67
136 68
136 70
136 72
136 79
136 80
136 81
136 82
136 83
136 84
136 88
136 91
136 92
136 93
136 96
136 98
136 100
136 102
136 106
136 107
136 108
136 109
136 111
136 112
136 113
136 116
136 117
136 130
136 131
136 132
136 135
136 140
136 143
136 157
136 158
136 165
136 166
136 171
136 172
136 177
136 180
136 182
136 185
136 187
136 193
136 194
136 198
137 -10 77
137 0
137 4
137 5
137 6
137 9
137 13
137 17
137 19
137 20
137 26
137 27
137 32
137 40
137 43
137 46
137 47
137 49
137 51
137 52
137 54
137 55
137 56
137 58
137 64
137 67
137 70
137 73
137 74
137 75
137 79
137 81
137 88
137 90
137 91
137 94
137 98
137 100
137 105
137 113
137 114
137 115
137 118
137 125
137 130
137 134
137 138
137 139
137 141
137 145
137 152
137 154
137 162
137 168
137 173
137 174
137 177
137 183
137 184
137 188
137 192
137 197
137 198
137 199
138 -10 93
138 0
138 3
138 14
138 19
138 24
138 26
138 28
138 30
138 35
138 43
138 45
138 48
138 51
138 53
138 54
138 55
138 60
138 63
138 64
138 70
138 74
138 79
138 80
138 87
138 92
138 94
138 98
138 101
138 105
138 106
138 108
138 112
138 114
138 118
138 125
138 126
138 130
138 139
138 140
138 141
138 144
138 145
138 146
138 148
138 158
138 159
138 160
138 162
138 165
138 167
138 168
138 170
138 176
138 177
138 181
138 183
138 184
138 185
138 187
138 192
138 198
138 199
139 -10 54
139 4
139 15
139 16
139 18
139 20
139 25
139 26
139 28
139 29
139 33
139 34
139 39
139 41
139 43
139 44
139 46
139 50
139 52
139 60
139 65
139 72
139 74
139 78
139 81
139 82
139 88
139 89
139 91
139 93
139 94
139 97
139 98
139 99
139 100
139 103
139 104
139 108
139 109
139 114
139 116
139 123
139 124
139 129
139 130
139 132
139 133
139 141
139 145
139 146
139 152
139 156
139 157
139 159
139 160
139 161
139 162
139 168
139 169
139 170
139 171
139 174
139 175
139 177
139 178
139 180
139 182
139 184
139 187
139 188
139 189
139 195
139 196
139 197
139 198
140 -10 27
140 0
140 5
140 10
140 11
140 13
140 14
140 15
140 17
140 18
140 26
140 28
140 33
140 36
140 38
140 41
140 42
140 43
140 49
140 51
140 52
140 60
140 61
140 63
140 67
140 80
140 87
140 88
140 91
140 97
140 112
140 120
140 121
140 123
140 124
140 125
140 129
140 139
140 142
140 145
140 146
140 149
140 150
140 151
140 153
140 154
140 157
140 163
140 164
140 170
140 172
140 176
140 180
140 184
140 186
140 188
140 189
140 197
140 198
140 199
141 -10 70
141 0
141 1
141 8
141 10
141 11
141 12
141 13
141 15
141 16
141 24
141 29
141 30
141 32
141 35
141 38
141 47
141 52
141 54
141 55
141 57
141 59
141 61
141 64
141 65
141 69
141 72
141 74
141 75
141 85
141 86
141 87
141 89
141 97
141 98
141 101
141 103
141 105
141 112
141 113
141 115
141 117
141 118
141 119
141 121
141 124
141 128
141 131
141 135
141 137
141 139
141 140
141 143
141 145
141 148
141 150
141 151
141 152
141 154
141 155
141 156
141 161
141 163
141 168
141 174
141 176
141 181
141 183
141 187
141 188
141 190
141 192
141 197
142 -10 72
142 0
142 2
142 4
142 6
142 9
142 15
142 17
142 20
142 21
142 22
142 31
142 32
142 34
142 35
142 37
142 39
142 40
142 41
142 43
142 44
142 47
142 48
142 49
142 52
142 54
142 56
142 57
142 58
142 59
142 66
142 70
142 71
142 73
142 74
142 79
142 81
142 83
142 84
142 88
142 89
142 91
142 93
142 96
142 97
142 98
142 99
142 102
142 109
142 113
142 116
142 120
142 121
142 123
142 124
142 125
142 128
142 131
142 138
142 139
142 140
142 144
142 146
142 155
142 156
142 159
142 161
142 168
142 169
142 171
142 172
142 175
142 178
142 179
142 184
142 185
142 186
142 187
142 192
142 194
142 196
142 199
143 -10 2
143 0
143 9
143 13
143 14
143 17
143 18
143 21
143 29
143 31
143 33
143 35
143 39
143 43
143 48
143 50
143 54
143 55
143 57
143 58
143 60
143 61
143 63
143 65
143 70
143 74
143 81
143 87
143 90
143 91
143 94
143 95
143 98
143 104
143 106
143 109
143 112
143 116
143 118
143 120
143 121
143 123
143 126
143 130
143 132
143 134
143 137
143 144
143 145
143 146
143 147
143 149
143 153
143 154
143 155
143 156
143 157
143 158
143 159
143 161
143 162
143 164
143 167
143 168
143 171
143 172
143 175
143 178
143 185
143 191
143 196
143 197
143 198
144 -10 12
144 3
144 4
144 9
144 15
144 16
144 17
144 22
144 25
144 28
144 31
144 37
144 38
144 41
144 44
144 48
144 50
144 54
144 55
144 58
144 61
144 62
144 66
144 67
144 73
144 77
144 80
144 81
144 85
144 87
144 89
144 90
144 91
144 92
144 99
144 100
144 102
144 104
144 107
144 108
144 109
144 121
144 122
144 128
144 129
144 131
144 135
144 136
144 141
144 146
144 147
144 150
144 152
144 158
144 159
144 161
144 163
144 166
144 170
144 172
144 173
144 179
144 180
144 183
144 184
144 186
144 188
144 192
144 193
144 194
144 197
144 198
145 -10 35
145 4
145 15
145 17
145 18
145 19
145 20
145 21
145 22
145 29
145 31
145 32
145 37
145 39
145 41
145 42
145 44
145 50
145 55
145 56
145 58
145 62
145 65
145 67
145 71
145 73
145 74
145 81
145 83
145 89
145 90
145 91
145 93
145 97
145 98
145 100
145 103
145 104
145 108
145 116
145 122
145 125
145 134
145 136
145 138
145 141
145 148
145 149
145 175
145 176
145 178
145 179
145 184
145 187
145 189
145 191
145 192
145 193
145 198
146 -10 13
146 1
146 6
146 10
146 12
146 15
146 16
146 17
146 18
146 19
146 22
146 23
146 25
146 26
146 28
146 32
146 33
146 34
146 35
146 37
146 39
146 40
146 48
146 50
146 53
146 56
146 60
146 61
146 62
146 63
146 64
146 67
146 68
146 73
146 78
146 86
146 87
146 89
146 91
146 94
146 103
146 104
146 109
146 110
146 112
146 115
146 116
146 118
146 119
146 123
146 124
146 126
146 128
146 134
146 135
146 136
146 137
146 143
146 144
146 147
146 152
146 154
146 155
146 162
146 163
146 170
146 175
146 180
146 181
146 184
146 190
146 196
146 197
147 -10 10
147 6
147 7
147 12
147 21
147 28
147 30
147 32
147 40
147 42
147 51
147 55
147 65
147 72
147 75
147 84
147 87
147 88
147 89
147 91
147 95
147 101
147 102
147 104
147 106
147 107
147 110
147 111
147 116
147 125
147 127
147 134
147 135
147 137
147 138
147 140
147 149
147 150
147 151
147 152
147 157
147 163
147 164
147 171
147 173
147 178
147 181
147 182
147 185
147 186
147 187
147 194
147 195
148 -10 21
148 1
148 3
148 7
148 8
148 11
148 17
148 22
148 23
148 25
148 28
148 31
148 41
148 50
148 51
148 53
148 54
148 55
148 56
148 59
148 60
148 65
148 68
148 70
148 73
148 86
148 95
148 100
148 104
148 106
148 109
148 110
148 117
148 119
148 121
148 122
148 126
148 131
148 134
148 140
148 143
148 144
148 145
148 146
148 149
148 153
148 155
148 157
148 159
148 164
148 168
148 170
148 172
148 178
148 186
148 188
148 191
148 193
148 198
149 -10 18
149 1
149 3
149 4
149 6
149 7
149 10
149 12
149 15
149 27
149 30
149 31
149 34
149 37
149 42
149 44
149 53
149 55
149 56
149 57
149 59
149 64
149 67
149 70
149 71
149 74
149 76
149 79
149 80
149 82
149 83
149 84
149 85
149 87
149 90
149 96
149 98
149 103
149 104
149 107
149 110
149 112
149 113
149 114
149 115
149 117
149 122
149 129
149 131
149 139
149 140
149 141
149 146
149 148
149 151
149 152
149 153
149 154
149 155
149 158
149 160
149 164
149 166
149 170
149 178
149 181
149 182
149 184
149 186
149 190
149 193
149 194
149 198
150 -10 69
150 4
150 5
150 6
150 7
150 30
150 32
150 33
150 34
150 35
150 36
150 37
150 42
150 44
150 45
150 49
150 51
150 52
150 54
150 55
150 59
150 64
150 65
150 66
150 67
150 68
150 71
150 81
150 82
150 86
150 88
150 95
150 96
150 99
150 102
150 103
150 104
150 106
150 111
150 115
150 125
150 126
150 127
150 128
150 129
150 131
150 133
150 134
150 138
150 139
150 140
150 144
150 149
150 154
150 156
150 158
150 161
150 162
150 163
150 166
150 170
150 172
150 173
150 179
150 184
150 188
150 189
150 196
150 197
150 198
151 -10 70
151 4
151 6
151 8
151 10
151 12
151 18
151 19
151 22
151 23
151 28
151 33
151 34
151 35
151 37
151 40
151 41
151 43
151 44
151 45
151 48
151 50
151 52
151 57
151 60
151 71
151 73
151 74
151 75
151 78
151 79
151 80
151 82
151 88
151 91
151 92
151 94
151 97
151 102
151 104
151 107
151 111
151 113
151 129
151 130
151 139
151 144
151 153
151 155
151 159
151 164
151 175
151 181
151 183
151 185
151 186
151 195
151 198
152 -10 32
152 4
152 9
152 11
152 16
152 18
152 24
152 27
152 28
152 40
152 47
152 52
152 62
152 64
152 67
152 68
152 74
152 76
152 79
152 81
152 82
152 86
152 90
152 91
152 93
152 98
152 99
152 100
152 114
152 119
152 131
152 133
152 139
152 140
152 142
152 143
152 145
152 147
152 151
152 153
152 154
152 159
152 160
152 161
152 162
152 169
152 172
152 173
152 181
152 183
152 191
152 193
152 195
152 198
153 -10 35
153 0
153 1
153 3
153 4
153 6
153 10
153 12
153 14
153 15
153 16
153 22
153 23
153 24
153 25
153 28
153 34
153 37
153 40
153 43
153 45
153 49
153 51
153 52
153 58
153 59
153 61
153 62
153 63
153 65
153 66
153 67
153 68
153 70
153 71
153 72
153 75
153 77
153 79
153 81
153 83
153 85
153 87
153 88
153 99
153 100
153 102
153 104
153 105
153 107
153 108
153 110
153 111
153 115
153 117
153 120
153 126
153 127
153 130
153 131
153 132
153 138
153 140
153 145
153 147
153 149
153 150
153 152
153 159
153 160
153 163
153 167
153 170
153 172
153 174
153 175
153 188
153 190
153 194
153 197
154 -10 16
154 1
154 2
154 4
154 8
154 11
154 13
154 14
154 16
154 17
154 18
154 24
154 27
154 29
154 39
154 43
154 44
154 47
154 48
154 52
154 55
154 58
154 59
154 62
154 66
154 72
154 73
154 76
154 78
154 86
154 89
154 92
154 98
154 105
154 106
154 111
154 113
154 114
154 118
154 121
154 122
154 123
154 124
154 127
154 134
154 135
154 141
154 144
154 146
154 148
154 149
154 151
154 152
154 153
154 159
154 160
154 161
154 168
154 170
154 173
154 179
154 181
154 183
154 187
154 189
154 193
154 194
154 197
155 -10 81
155 6
155 7
155 12
155 16
155 22
155 26
155 27
155 28
155 41
155 42
155 45
155 50
155 51
155 58
155 59
155 63
155 64
155 74
155 75
155 76
155 85
155 88
155 95
155 98
155 116
155 117
155 119
155 126
155 134
155 136
155 144
155 145
155 146
155 149
155 151
155 152
155 154
155 157
155 159
155 161
155 163
155 170
155 171
155 177
155 178
155 180
155 190
155 195
155 196
155 198
156 -10 71
156 4
156 6
156 7
156 20
156 21
156 28
156 30
156 39
156 41
156 56
156 57
156 66
156 67
156 69
156 71
156 78
156 80
156 83
156 88
156 89
156 93
156 96
156 98
156 101
156 118
156 119
156 122
156 127
156 129
156 132
156 134
156 145
156 148
156 150
156 159
156 162
156 164
156 165
156 167
156 168
156 173
156 175
156 177
156 179
156 181
156 185
156 187
156 190
156 191
156 192
156 193
156 196
157 -10 65
157 0
157 1
157 4
157 5
157 6
157 8
157 14
157 18
157 21
157 24
157 29
157 30
157 31
157 33
157 39
157 40
157 50
157 54
157 58
157 59
157 65
157 67
157 69
157 70
157 72
157 76
157 78
157 79
157 82
157 86
157 88
157 89
157 90
157 98
157 103
157 104
157 105
157 106
157 122
157 124
157 125
157 132
157 133
157 136
157 139
157 147
157 151
157 156
157 160
157 161
157 163
157 164
157 174
157 179
157 185
157 187
157 188
157 190
157 192
157 194
157 195
157 197
157 199
158 -10 18
158 1
158 2
158 12
158 13
158 15
158 18
158 19
158 22
158 24
158 26
158 27
158 32
158 35
158 36
158 37
158 43
158 44
158 46
158 47
158 48
158 49
158 50
158 51
158 52
158 55
158 56
158 57
158 59
158 60
158 62
158 63
158 65
158 66
158 70
158 71
158 72
158 75
158 77
158 79
158 81
158 84
158 86
158 88
158 90
158 92
158 94
158 98
158 103
158 104
158 107
158 108
158 114
158 117
158 118
158 119
158 123
158 130
158 132
158 133
158 136
158 138
158 140
158 141
158 143
158 148
158 149
158 150
158 152
158 156
158 161
158 162
158 163
158 168
158 175
158 176
158 177
158 181
158 191
158 197
159 -10 85
159 2
159 4
159 5
159 8
159 14
159 16
159 25
159 27
159 28
159 34
159 38
159 43
159 56
159 57
159 65
159 80
159 82
159 86
159 91
159 93
159 97
159 99
159 100
159 103
159 104
159 105
159 110
159 121
159 122
159 126
159 128
159 130
159 133
159 134
159 135
159 137
159 142
159 147
159 153
159 154
159 156
159 157
159 160
159 162
159 165
159 175
159 176
159 178
159 194
159 195
159 198
160 -10 69
160 0
160 4
160 5
160 6
160 7
160 10
160 13
160 19
160 20
160 24
160 25
160 50
160 52
160 55
160 56
160 61
160 64
160 67
160 69
160 71
160 74
160 75
160 77
160 84
160 92
160 95
160 97
160 102
160 103
160 106
160 111
160 112
160 114
160 116
160 130
160 132
160 133
160 134
160 135
160 142
160 154
160 156
160 159
160 161
160 167
160 172
160 174
160 176
160 177
160 180
160 185
160 190
160 192
161 -10 59
161 0
161 4
161 5
161 7
161 15
161 22
161 25
161 31
161 47
161 49
161 50
161 55
161 59
161 61
161 62
161 72
161 81
161 82
161 95
161 102
161 103
161 104
161 115
161 116
161 122
161 124
161 128
161 132
161 143
161 145
161 147
161 150
161 156
161 158
161 159
161 162
161 168
161 172
161 174
161 179
161 181
161 182
161 184
161 193
161 197
162 -10 71
162 2
162 7
162 9
162 10
162 18
162 19
162 22
162 28
162 30
162 31
162 32
162 34
162 39
162 42
162 45
162 46
162 47
162 49
162 50
162 54
162 59
162 61
162 62
162 63
162 72
162 74
162 75
162 79
162 80
162 87
162 90
162 93
162 98
162 100
162 101
162 104
162 105
162 107
162 108
162 113
162 116
162 117
162 122
162 123
162 126
162 127
162 134
162 135
162 138
162 143
162 144
162 148
162 150
162 153
162 154
162 155
162 156
162 157
162 163
162 164
162 165
162 167
162 168
162 180
162 183
162 184
162 187
162 194
163 -10 26
163 0
163 3
163 5
163 9
163 10
163 13
163 14
163 25
163 26
163 27
163 29
163 32
163 34
163 47
163 49
163 51
163 59
163 61
163 63
163 69
163 71
163 74
163 75
163 77
163 85
163 86
163 89
163 91
163 92
163 94
163 96
163 101
163 102
163 103
163 105
163 114
163 116
163 123
163 124
163 131
163 138
163 142
163 145
163 147
163 148
163 150
163 159
163 161
163 164
163 165
163 173
163 174
163 176
163 178
163 181
163 185
163 187
163 188
163 194
163 195
163 198
163 199
164 -10 80
164 3
164 7
164 8
164 11
164 12
164 18
164 20
164 21
164 22
164 24
164 27
164 31
164 32
164 36
164 38
164 46
164 47
164 49
164 50
164 53
164 55
164 65
164 67
164 74
164 76
164 77
164 88
164 91
164 98
164 100
164 103
164 105
164 116
164 120
164 122
164 126
164 136
164 144
164 148
164 151
164 156
164 159
164 162
164 165
164 166
164 168
164 169
164 173
164 174
164 188
164 192
164 197
165 -10 9
165 0
165 4
165 10
165 11
165 12
165 13
165 15
165 20
165 25
165 27
165 28
165 30
165 33
165 35
165 37
165 39
165 40
165 44
165 47
165 51
165 54
165 55
165 56
165 60
165 62
165 64
165 70
165 71
165 72
165 78
165 79
165 80
165 81
165 83
165 86
165 94
165 95
165 96
165 97
165 98
165 99
165 100
165 101
165 104
165 105
165 110
165 111
165 113
165 115
165 118
165 125
165 129
165 131
165 132
165 134
165 135
165 142
165 143
165 145
165 146
165 152
165 153
165 161
165 162
165 163
165 164
165 167
165 171
165 173
165 176
165 177
165 180
165 182
165 192
165 195
165 199
166 -10 7
166 0
166 3
166 5
166 17
166 20
166 23
166 25
166 32
166 35
166 37
166 41
166 42
166 44
166 45
166 46
166 49
166 50
166 52
166 56
166 61
166 64
166 68
166 71
166 72
166 73
166 74
166 76
166 77
166 78
166 79
166 82
166 85
166 89
166 90
166 93
166 95
166 96
166 97
166 101
166 102
166 107
166 108
166 119
166 123
166 124
166 128
166 129
166 130
166 131
166 137
166 141
166 142
166 146
166 149
166 150
166 151
166 159
166 160
166 163
166 167
166 169
166 170
166 172
166 173
166 182
166 185
166 186
166 187
166 198
166 199
167 -10 99
167 5
167 7
167 8
167 9
167 10
167 11
167 17
167 18
167 25
167 26
167 28
167 36
167 38
167 43
167 45
167 49
167 52
167 53
167 60
167 65
167 66
167 69
167 73
167 75
167 77
167 78
167 82
167 83
167 85
167 91
167 93
167 100
167 102
167 103
167 105
167 111
167 114
167 115
167 120
167 122
167 123
167 125
167 129
167 135
167 137
167 139
167 140
167 141
167 148
167 149
167 151
167 152
167 155
167 158
167 159
167 164
167 172
167 177
167 179
167 180
167 182
167 187
167 189
167 190
167 191
167 192
167 196
167 197
168 -10 71
168 2
168 8
168 11
168 13
168 16
168 17
168 18
168 24
168 26
168 33
168 34
168 35
168 39
168 40
168 42
168 45
168 52
168 64
168 69
168 70
168 76
168 85
168 87
168 94
168 96
168 97
168 98
168 99
168 100
168 101
168 102
168 106
168 112
168 114
168 115
168 117
168 122
168 123
168 131
168 138
168 139
168 147
168 150
168 152
168 154
168 156
168 157
168 158
168 170
168 172
168 173
168 174
168 185
168 189
168 191
168 194
168 195
168 198
169 -10 40
169 3
169 6
169 12
169 13
169 18
169 19
169 20
169 21
169 25
169 28
169 32
169 33
169 35
169 43
169 51
169 52
169 54
169 55
169 57
169 62
169 64
169 68
169 69
169 74
169 77
169 78
169 80
169 83
169 84
169 88
169 94
169 95
169 96
169 98
169 106
169 108
169 111
169 114
169 117
169 125
169 127
169 130
169 132
169 137
169 138
169 141
169 144
169 146
169 149
169 150
169 152
169 157
169 159
169 161
169 162
169 163
169 165
169 172
169 174
169 179
169 182
169 187
169 189
169 191
169 192
169 195
169 196
169 199
170 -10 6
170 1
170 2
170 6
170 7
170 9
170 10
170 17
170 19
170 21
170 22
170 27
170 29
170 43
170 47
170 50
170 58
170 59
170 60
170 65
170 66
170 69
170 78
170 83
170 99
170 101
170 104
170 106
170 109
170 116
170 118
170 119
170 120
170 122
170 123
170 124
170 127
170 134
170 135
170 137
170 139
170 145
170 146
170 147
170 149
170 151
170 152
170 155
170 156
170 158
170 161
170 162
170 163
170 165
170 166
170 168
170 174
170 178
170 179
170 180
170 185
170 187
170 189
170 192
170 193
170 194
170 197
170 199
171 -10 29
171 0
171 11
171 16
171 17
171 18
171 23
171 28
171 29
171 34
171 35
171 39
171 40
171 48
171 49
171 54
171 57
171 60
171 61
171 68
171 70
171 73
171 74
171 75
171 78
171 79
171 81
171 83
171 85
171 87
171 88
171 93
171 94
171 96
171 97
171 100
171 103
171 104
171 112
171 115
171 116
171 117
171 121
171 125
171 129
171 130
171 134
171 135
171 136
171 138
171 142
171 150
171 152
171 154
171 158
171 162
171 167
171 172
171 175
171 177
171 178
171 180
171 181
171 182
171 184
171 188
171 193
171 195
171 197
172 -10 78
172 5
172 7
172 10
172 12
172 13
172 20
172 21
172 26
172 28
172 38
172 41
172 46
172 47
172 51
172 52
172 56
172 57
172 58
172 64
172 65
172 66
172 67
172 68
172 69
172 73
172 77
172 78
172 83
172 84
172 86
172 89
172 92
172 93
172 94
172 96
172 98
172 99
172 100
172 103
172 104
172 105
172 107
172 109
172 113
172 114
172 115
172 116
172 117
172 118
172 122
172 124
172 125
172 126
172 139
172 140
172 142
172 144
172 146
172 147
172 150
172 151
172 153
172 154
172 156
172 159
172 167
172 174
172 175
172 181
172 184
172 185
172 195
172 199
173 -10 53
173 0
173 5
173 8
173 10
173 11
173 12
173 13
173 16
173 19
173 20
173 22
173 25
173 29
173 31
173 32
173 34
173 35
173 39
173 42
173 43
173 44
173 46
173 47
173 51
173 54
173 55
173 58
173 62
173 64
173 66
173 70
173 74
173 79
173 86
173 94
173 96
173 98
173 99
173 102
173 103
173 104
173 119
173 120
173 123
173 135
173 136
173 142
173 146
173 147
173 148
173 151
173 153
173 155
173 160
173 164
173 168
173 170
173 175
173 182
173 185
173 186
173 188
173 189
173 190
173 196
173 198
173 199
174 -10 77
174 2
174 6
174 7
174 10
174 11
174 13
174 15
174 17
174 18
174 23
174 25
174 27
174 32
174 34
174 41
174 48
174 51
174 55
174 58
174 62
174 65
174 66
174 67
174 68
174 69
174 71
174 72
174 75
174 78
174 85
174 87
174 90
174 94
174 95
174 98
174 103
174 104
174 107
174 113
174 114
174 117
174 123
174 129
174 134
174 137
174 140
174 143
174 144
174 146
174 148
174 151
174 152
174 154
174 158
174 160
174 161
174 173
174 177
174 179
174 184
174 185
174 187
174 189
174 197
174 198
175 -10 86
175 1
175 2
175 4
175 7
175 10
175 12
175 13
175 14
175 15
175 18
175 19
175 24
175 29
175 30
175 32
175 33
175 42
175 44
175 49
175 53
175 54
175 58
175 62
175 65
175 71
175 74
175 75
175 81
175 83
175 85
175 87
175 88
175 90
175 92
175 96
175 99
175 100
175 105
175 108
175 109
175 110
175 112
175 113
175 115
175 119
175 121
175 127
175 132
175 136
175 137
175 142
175 143
175 147
175 149
175 151
175 152
175 155
175 159
175 161
175 164
175 165
175 171
175 173
175 177
175 178
175 181
175 184
175 186
175 189
175 190
175 191
175 192
175 193
175 195
175 197
175 199
176 -10 60
176 2
176 3
176 5
176 9
176 13
176 18
176 24
176 25
176 26
176 29
176 32
176 36
176 38
176 40
176 41
176 42
176 45
176 70
176 79
176 86
176 91
176 96
176 101
176 102
176 104
176 106
176 111
176 112
176 115
176 117
176 120
176 127
176 134
176 136
176 137
176 138
176 144
176 149
176 154
176 155
176 160
176 161
176 163
176 164
176 165
176 172
176 178
176 181
176 183
176 196
176 199
177 -10 20
177 1
177 7
177 8
177 13
177 17
177 18
177 20
177 23
177 33
177 34
177 37
177 39
177 41
177 46
177 52
177 56
177 61
177 68
177 76
177 77
177 80
177 81
177 82
177 84
177 86
177 87
177 88
177 100
177 101
177 102
177 106
177 109
177 110
177 117
177 119
177 121
177 124
177 126
177 130
177 132
177 135
177 144
177 151
177 156
177 157
177 158
177 160
177 170
177 173
177 176
177 178
177 180
177 190
177 197
177 199
178 -10 32
178 1
178 4
178 5
178 11
178 12
178 20
178 22
178 27
178 33
178 34
178 35
178 40
178 43
178 47
178 49
178 50
178 53
178 54
178 58
178 59
178 67
178 68
178 75
178 90
178 93
178 97
178 100
178 101
178 103
178 114
178 116
178 117
178 130
178 132
178 135
178 136
178 137
178 138
178 145
178 148
178 165
178 167
178 173
178 185
178 195
178 196
178 198
179 -10 98
179 0
179 3
179 9
179 11
179 14
179 19
179 20
179 22
179 25
179 27
179 28
179 34
179 39
179 41
179 43
179 51
179 53
179 54
179 55
179 62
179 65
179 72
179 79
179 83
179 87
179 89
179 93
179 95
179 102
179 105
179 106
179 107
179 109
179 110
179 111
179 114
179 118
179 121
179 123
179 124
179 125
179 130
179 134
179 147
179 151
179 152
179 155
179 157
179 161
179 164
179 169
179 171
179 173
179 174
179 175
179 176
179 185
179 186
179 187
179 195
180 -10 50
180 3
180 4
180 7
180 9
180 20
180 22
180 25
180 29
180 34
180 37
180 45
180 48
180 52
180 55
180 56
180 59
180 60
180 78
180 81
180 83
180 86
180 89
180 92
180 100
180 101
180 103
180 104
180 106
180 107
180 115
180 121
180 122
180 131
180 135
180 138
180 146
180 149
180 153
180 158
180 159
180 164
180 171
180 177
180 189
180 192
180 193
180 195
181 -10 15
181 3
181 5
181 9
181 15
181 19
181 20
181 24
181 28
181 30
181 31
181 34
181 38
181 39
181 40
181 42
181 46
181 51
181 56
181 58
181 64
181 67
181 75
181 76
181 78
181 82
181 87
181 95
181 97
181 99
181 100
181 102
181 103
181 108
181 110
181 119
181 122
181 135
181 136
181 137
181 138
181 139
181 141
181 142
181 150
181 151
181 154
181 155
181 157
181 158
181 159
181 160
181 163
181 166
181 168
181 169
181 170
181 175
181 177
181 178
181 180
181 183
181 184
181 186
181 197
181 199
182 -10 67
182 1
182 3
182 4
182 19
182 21
182 22
182 25
182 26
182 28
182 34
182 35
182 52
182 69
182 71
182 73
182 77
182 83
182 85
182 86
182 89
182 95
182 100
182 101
182 107
182 111
182 113
182 114
182 115
182 119
182 121
182 128
182 135
182 136
182 137
182 140
182 144
182 145
182 150
182 153
182 155
182 164
182 171
182 175
182 176
182 180
182 183
182 196
182 197
182 198
182 199
183 -10 21
183 5
183 7
183 10
183 12
183 15
183 18
183 24
183 28
183 34
183 36
183 37
183 38
183 40
183 42
183 45
183 47
183 49
183 53
183 56
183 63
183 67
183 68
183 71
183 81
183 86
183 87
183 92
183 103
183 104
183 108
183 113
183 114
183 118
183 119
183 122
183 129
183 134
183 141
183 142
183 144
183 149
183 152
183 156
183 160
183 176
183 180
183 181
183 182
183 193
183 194
184 -10 42
184 3
184 4
184 5
184 14
184 15
184 23
184 25
184 26
184 27
184 28
184 30
184 33
184 34
184 35
184 41
184 48
184 49
184 53
184 56
184 58
184 59
184 61
184 64
184 71
184 75
184 77
184 81
184 85
184 87
184 88
184 89
184 98
184 100
184 101
184 103
184 107
184 113
184 118
184 120
184 125
184 126
184 135
184 138
184 142
184 153
184 156
184 160
184 164
184 169
184 170
184 173
184 175
184 183
184 194
184 195
185 -10 36
185 1
185 2
185 3
185 8
185 13
185 14
185 15
185 16
185 18
185 19
185 21
185 24
185 28
185 31
185 34
185 36
185 38
185 39
185 45
185 51
185 54
185 55
185 56
185 57
185 59
185 60
185 61
185 65
185 67
185 68
185 70
185 73
185 75
185 77
185 78
185 82
185 83
185 90
185 91
185 98
185 108
185 109
185 111
185 116
185 118
185 119
185 123
185 128
185 133
185 139
185 141
185 143
185 146
185 147
185 148
185 149
185 152
185 161
185 163
185 164
185 170
185 173
185 175
185 176
185 178
185 182
185 186
185 187
185 190
185 192
185 193
185 195
185 196
185 197
186 -10 85
186 1
186 2
186 3
186 4
186 6
186 7
186 12
186 13
186 14
186 15
186 25
186 28
186 31
186 36
186 37
186 38
186 51
186 54
186 55
186 57
186 58
186 63
186 68
186 72
186 76
186 77
186 84
186 87
186 91
186 92
186 93
186 96
186 97
186 99
186 100
186 101
186 104
186 106
186 107
186 116
186 117
186 119
186 125
186 129
186 134
186 136
186 138
186 140
186 145
186 148
186 150
186 153
186 159
186 165
186 173
186 178
186 179
186 180
186 181
186 188
186 192
187 -10 26
187 0
187 3
187 4
187 7
187 8
187 9
187 12
187 13
187 15
187 18
187 19
187 21
187 22
187 25
187 26
187 30
187 35
187 36
187 48
187 50
187 53
187 54
187 56
187 66
187 68
187 73
187 74
187 76
187 77
187 91
187 95
187 111
187 116
187 117
187 119
187 120
187 123
187 124
187 127
187 129
187 131
187 133
187 136
187 139
187 142
187 145
187 148
187 152
187 156
187 163
187 164
187 166
187 170
187 173
187 179
187 180
187 181
187 182
187 185
187 194
187 195
187 196
187 198
188 -10 76
188 1
188 7
188 8
188 10
188 12
188 15
188 17
188 18
188 20
188 26
188 29
188 36
188 40
188 41
188 42
188 44
188 47
188 50
188 53
188 54
188 60
188 61
188 62
188 67
188 82
188 84
188 86
188 94
188 97
188 102
188 103
188 105
188 108
188 117
188 118
188 122
188 125
188 130
188 133
188 134
188 135
188 140
188 142
188 148
188 149
188 151
188 155
188 156
188 163
188 166
188 168
188 173
188 180
188 187
188 189
188 190
188 192
188 193
188 195
189 -10 61
189 0
189 4
189 5
189 14
189 16
189 19
189 22
189 25
189 28
189 29
189 32
189 41
189 42
189 43
189 51
189 53
189 56
189 57
189 59
189 62
189 64
189 65
189 66
189 67
189 69
189 71
189 73
189 74
189 82
189 84
189 86
189 90
189 94
189 97
189 98
189 103
189 104
189 113
189 114
189 117
189 119
189 121
189 122
189 124
189 127
189 128
189 129
189 130
189 137
189 141
189 145
189 147
189 158
189 165
189 168
189 169
189 171
189 178
189 179
189 182
189 183
189 185
189 188
189 190
189 191
189 192
189 193
189 194
189 196
189 198
190 -10 0
190 0
190 1
190 3
190 4
190 10
190 11
190 14
190 22
190 31
190 34
190 45
190 47
190 48
190 52
190 60
190 61
190 63
190 68
190 83
190 85
190 95
190 100
190 103
190 111
190 116
190 117
190 118
190 131
190 134
190 148
190 152
190 154
190 156
190 159
190 160
190 164
190 165
190 169
190 171
190 174
190 177
190 179
190 183
190 184
190 188
190 195
191 -10 26
191 5
191 12
191 20
191 23
191 24
191 31
191 33
191 34
191 36
191 37
191 42
191 45
191 56
191 60
191 63
191 75
191 80
191 86
191 90
191 91
191 94
191 95
191 103
191 105
191 108
191 110
191 113
191 119
191 122
191 124
191 128
191 130
191 132
191 133
191 135
191 141
191 143
191 145
191 146
191 149
191 153
191 156
191 160
191 162
191 167
191 169
191 172
191 173
191 179
191 184
191 187
191 189
191 193
192 -10 7
192 15
192 19
192 20
192 22
192 23
192 24
192 30
192 31
192 34
192 40
192 41
192 42
192 44
192 49
192 52
192 57
192 58
192 59
192 62
192 66
192 68
192 70
192 73
192 76
192 81
192 83
192 92
192 93
192 97
192 99
192 104
192 109
192 114
192 125
192 127
192 128
192 133
192 142
192 144
192 145
192 146
192 147
192 152
192 156
192 161
192 167
192 169
192 170
192 177
192 180
192 181
192 187
192 189
192 195
192 196
192 199
193 -10 77
193 0
193 1
193 2
193 6
193 16
193 21
193 22
193 24
193 28
193 29
193 31
193 35
193 36
193 38
193 39
193 45
193 48
193 53
193 56
193 58
193 60
193 65
193 68
193 69
193 70
193 71
193 74
193 76
193 77
193 78
193 79
193 81
193 82
193 83
193 84
193 86
193 89
193 91
193 92
193 95
193 102
193 108
193 110
193 111
193 112
193 113
193 114
193 117
193 119
193 123
193 127
193 136
193 137
193 139
193 143
193 145
193 148
193 152
193 155
193 164
193 165
193 168
193 169
193 170
193 174
193 178
193 180
193 184
193 185
193 186
193 189
193 190
193 191
193 196
193 199
194 -10 27
194 1
194 2
194 5
194 6
194 9
194 10
194 15
194 16
194 18
194 22
194 23
194 25
194 26
194 29
194 31
194 36
194 44
194 46
194 48
194 54
194 55
194 57
194 61
194 64
194 67
194 70
194 74
194 78
194 83
194 85
194 86
194 88
194 90
194 91
194 92
194 97
194 99
194 101
194 106
194 107
194 116
194 120
194 125
194 130
194 132
194 133
194 134
194 135
194 136
194 142
194 144
194 146
194 147
194 149
194 151
194 152
194 159
194 160
194 162
194 166
194 167
194 173
194 177
194 178
194 181
194 189
194 191
194 197
195 -10 85
195 10
195 11
195 15
195 17
195 18
195 19
195 30
195 43
195 49
195 55
195 57
195 58
195 76
195 77
195 79
195 80
195 81
195 93
195 96
195 101
195 104
195 107
195 109
195 112
195 113
195 114
195 117
195 118
195 129
195 136
195 138
195 143
195 152
195 155
195 158
195 166
195 167
195 168
195 172
195 173
195 176
195 178
195 180
195 182
195 183
195 187
195 196
195 199
196 -10 79
196 7
196 9
196 15
196 21
196 30
196 32
196 36
196 37
196 43
196 47
196 57
196 59
196 63
196 65
196 68
196 70
196 73
196 77
196 80
196 85
196 90
196 91
196 95
196 98
196 99
196 102
196 103
196 106
196 114
196 120
196 121
196 123
196 127
196 130
196 133
196 134
196 136
196 139
196 148
196 149
196 153
196 154
196 157
196 160
196 162
196 165
196 167
196 176
196 178
196 180
196 183
196 184
196 187
196 191
196 193
196 197
197 -10 94
197 2
197 3
197 4
197 9
197 10
197 11
197 17
197 19
197 21
197 27
197 29
197 44
197 46
197 54
197 56
197 61
197 63
197 67
197 74
197 77
197 80
197 85
197 89
197 94
197 97
197 104
197 107
197 110
197 114
197 116
197 119
197 122
197 129
197 134
197 135
197 138
197 146
197 147
197 149
197 152
197 163
197 168
197 169
197 171
197 174
197 178
197 179
197 185
197 189
197 190
197 193
197 195
197 196
197 198
198 -10 89
198 3
198 5
198 9
198 10
198 13
198 15
198 17
198 19
198 22
198 25
198 29
198 30
198 31
198 33
198 36
198 38
198 39
198 41
198 44
198 45
198 46
198 49
198 52
198 53
198 56
198 58
198 59
198 60
198 62
198 76
198 79
198 83
198 84
198 86
198 92
198 95
198 96
198 102
198 103
198 104
198 107
198 112
198 113
198 119
198 121
198 122
198 125
198 126
198 128
198 129
198 132
198 134
198 138
198 139
198 143
198 147
198 149
198 152
198 153
198 154
198 156
198 160
198 165
198 167
198 171
198 176
198 181
198 188
198 190
198 199
199 -10 46
199 1
199 2
199 3
199 5
199 7
199 11
199 13
199 19
199 20
199 24
199 26
199 29
199 31
199 32
199 35
199 36
199 40
199 46
199 47
199 48
199 60
199 69
199 70
199 71
199 76
199 79
199 80
199 81
199 82
199 84
199 88
199 89
199 91
199 93
199 97
199 98
199 108
199 109
199 110
199 111
199 112
199 116
199 117
199 118
199 124
199 126
199 128
199 129
199 130
199 131
199 132
199 133
199 134
199 138
199 140
199 144
199 145
199 147
199 149
199 155
199 156
199 157
199 159
199 160
199 166
199 167
199 168
199 179
199 182
199 184
199 191
199 197
-1
