50
0 17
1 0
1 19
1 24
1 28
2 5
2 12
2 14
4 27
5 41
7 27
7 36
8 4
9 3
9 42
10 16
10 21
11 26
11 45
11 47
12 38
13 12
13 17
13 35
13 49
14 3
14 11
14 22
14 33
15 11
15 14
15 41
16 18
16 44
16 47
17 7
17 37
18 23
18 28
18 29
18 41
19 35
21 6
21 38
23 14
23 48
24 5
26 0
26 1
26 6
26 20
27 23
27 29
27 48
28 4
28 6
28 16
28 40
29 31
30 26
30 39
30 44
31 18
31 37
31 38
32 29
32 41
33 8
33 15
33 39
34 6
34 23
34 27
34 30
35 21
37 20
37 22
37 27
37 29
38 12
38 36
38 47
40 36
42 5
42 24
43 2
46 24
47 30
48 7
48 41
49 7
49 37
